#316188 326907
10 0.1 0.0 0.1 0.0 0.1 0.181818181818 0.0 0.0 0.1 0.1
40 0.159090909091 0.046511627907 0.093023255814 0.0652173913043 0.0888888888889 0.047619047619 0.111111111111 0.0434782608696 0.116279069767 0.0212765957447
70 0.122222222222 0.135802469136 0.047619047619 0.117647058824 0.168831168831 0.134146341463 0.115384615385 0.130952380952 0.168831168831 0.135802469136
100 0.193798449612 0.176923076923 0.165217391304 0.186991869919 0.155737704918 0.2 0.204724409449 0.0806451612903 0.129032258065 0.120689655172
400 0.449451887942 0.428220858896 0.451697127937 0.502876869965 0.454954954955 0.544843049327 0.483253588517 0.487834549878 0.560553633218 0.436781609195
700 0.604944500505 0.637655417407 0.631450827653 0.660689655172 0.628158844765 0.660594439118 0.555329949239 0.515054744526 0.592168099331 0.605472636816
1000 0.622070844687 0.715984147952 0.707944514502 0.652275077559 0.624261943103 0.687466948704 0.645833333333 0.7111331515 0.689835380193 0.66158296082
4000 0.846039687924 0.832985254098 0.853588516746 0.832037598278 0.844602558882 0.838711634114 0.845251527473 0.81318974907 0.825311671952 0.832204712782
7000 0.874086150056 0.871849756823 0.878534089878 0.861749425337 0.855597058311 0.863645553735 0.871986552524 0.846895766354 0.873252947932 0.86545467559
10000 0.8727141241 0.872479730876 0.859361707216 0.870745383513 0.87473494153 0.878707096454 0.878587539057 0.880556010278 0.879767719945 0.882447488083
40000 0.893741724257 0.900118653631 0.897527592417 0.901228916235 0.897769652248 0.8957275631 0.898796644175 0.898773840637 0.899991708503 0.90290900072
70000 0.899212350931 0.905470262754 0.902850548287 0.900690410689 0.899223218611 0.897109089257 0.901417450981 0.904422174103 0.901055082189 0.901401215938
100000 0.902126253208 0.900674998251 0.903971891317 0.899981518687 0.904609902208 0.903311565096 0.904213890813 0.901864003514 0.904423273163 0.902165924536
400000 0.906129438597 0.906603323977 0.9085282345 0.903418160377 0.903956404816 0.90429064631 0.905395484796 0.903607572646 0.905437466082 0.905664309742
700000 0.906185717316 0.9054455031 0.904234988016 0.906012559604 0.904464031594 0.906195040956 0.907009714941 0.905477326937 0.906394494478 0.90631651439
1000000 0.907290566389 0.905792384919 0.905669371243 0.906635499434 0.906287709238 0.906501520493 0.906300489285 0.906175770301 0.906935540595 0.906731845994
4000000 0.906007732132 0.906060269792 0.90612333878 0.906336102605 0.906451056116 0.906404123127 0.906796499753 0.905802123702 0.906260948584 0.906259165307
7000000 0.90618298862 0.906544827595 0.906387827047 0.906493062541 0.905948928992 0.906215817847 0.906383935572 0.906305871689 0.906420682067 0.906361005935
10000000 0.906087798527 0.906316888431 0.906339545571 0.906442349427 0.906938199562 0.906599265224 0.906051098737 0.906557405152 0.906322734218 0.906341004167