#316188 326737
10 0.0 0.1 0.0 0.0909090909091 0.0 0.0 0.0 0.0 0.1 0.0
40 0.093023255814 0.0681818181818 0.0454545454545 0.0666666666667 0.0243902439024 0.0714285714286 0.0454545454545 0.1 0.0243902439024 0.046511627907
70 0.128205128205 0.0540540540541 0.139240506329 0.118421052632 0.0909090909091 0.135802469136 0.0487804878049 0.105882352941 0.139240506329 0.105882352941
100 0.141592920354 0.115044247788 0.116666666667 0.194915254237 0.137931034483 0.130434782609 0.126050420168 0.126050420168 0.196721311475 0.128205128205
400 0.327964860908 0.450955414013 0.373315363881 0.339285714286 0.365079365079 0.399474375821 0.413605442177 0.415254237288 0.348109517601 0.382596685083
700 0.505444126074 0.468361581921 0.472705458908 0.488294314381 0.500294985251 0.498762376238 0.45508625818 0.48869047619 0.457617071725 0.476404494382
1000 0.517067003793 0.512747875354 0.567807351077 0.58281573499 0.532242843662 0.586140519731 0.576490630324 0.567703109328 0.523630672926 0.54623655914
4000 0.769593855836 0.746453663879 0.750491000565 0.735256749603 0.755953484676 0.754540422279 0.752578689919 0.736857728843 0.734360348292 0.740509649099
7000 0.794023130413 0.792462873744 0.790837313928 0.800749693014 0.781506861798 0.790277008059 0.785681146236 0.776631341601 0.772989366822 0.781974587493
10000 0.788204772965 0.781388064025 0.794890468291 0.778455348584 0.787487852946 0.79151816574 0.799688745422 0.780305469936 0.794002737115 0.806951419941
40000 0.822787969362 0.81906442942 0.825649977209 0.817749586865 0.820236887501 0.825064616639 0.816490847842 0.817264862657 0.815750583019 0.813863590891
70000 0.827150757273 0.828296532556 0.828087501428 0.819010457675 0.82667081922 0.829250903447 0.833009316719 0.827235484466 0.822540760868 0.822703097742
100000 0.830900577094 0.824694494724 0.825703064907 0.832430812081 0.82788262411 0.822739391216 0.82692487128 0.829726856597 0.829247740318 0.824123128894
400000 0.830875403122 0.831016865911 0.83068944219 0.831147126059 0.828431347407 0.829914797536 0.831725072077 0.833987871036 0.827863917619 0.832414655031
700000 0.831250675429 0.830485122927 0.830843758059 0.830665983955 0.830528109681 0.831566015015 0.828731183477 0.829439362946 0.830240162506 0.830670742
1000000 0.831120329599 0.83096061325 0.830851297782 0.830282029652 0.828315364246 0.829951980316 0.831954830788 0.829103922094 0.831532489595 0.830010528394
4000000 0.830727451639 0.830913553415 0.831234170716 0.831253842566 0.830922436377 0.831104185469 0.830617450543 0.831865760115 0.8319043337 0.831173189332
7000000 0.831111420488 0.831260434074 0.831070641578 0.831281794048 0.830466556387 0.831156573823 0.831418596108 0.831303663288 0.830737652854 0.830871217566
10000000 0.831039984306 0.830546988875 0.830658623618 0.831707719153 0.831171566067 0.831164299587 0.830818692301 0.831269900326 0.831017563692 0.831047336412