#316188 326651
10 0.0 0.1 0.0 0.0 0.0 0.0 0.0 0.0 0.0 0.0
40 0.0243902439024 0.0217391304348 0.0681818181818 0.047619047619 0.0232558139535 0.0232558139535 0.046511627907 0.113636363636 0.0 0.047619047619
70 0.0779220779221 0.135802469136 0.101265822785 0.0897435897436 0.0666666666667 0.0617283950617 0.152941176471 0.115384615385 0.0519480519481 0.0779220779221
100 0.130081300813 0.142857142857 0.186440677966 0.126984126984 0.208695652174 0.145038167939 0.184210526316 0.15652173913 0.0789473684211 0.108333333333
400 0.426251691475 0.300524934383 0.404421326398 0.435863874346 0.445431472081 0.395561357702 0.312586445367 0.419817470665 0.40329218107 0.377588306943
700 0.516657255788 0.516454352442 0.475287356322 0.478996181124 0.511020881671 0.511064278188 0.469740634006 0.520491803279 0.5 0.491646778043
1000 0.590616375345 0.525910571513 0.544961734694 0.555769230769 0.570544918999 0.572176054171 0.554146341463 0.598825256975 0.56338918748 0.534246575342
4000 0.733103499591 0.732353465624 0.753172060641 0.742078713678 0.715059724812 0.737067669173 0.70811375035 0.730021654622 0.711374147527 0.723053473898
7000 0.765525361385 0.774756715706 0.76000749224 0.76631062107 0.763657456233 0.770376067194 0.77294113577 0.761732913877 0.764677371028 0.772596501756
10000 0.775820947928 0.798984215942 0.777231666758 0.796483306026 0.780572170405 0.785813775333 0.792346285088 0.77816972829 0.784205976516 0.767400079847
40000 0.806352854263 0.821046407315 0.804735988858 0.808260324005 0.820118430952 0.814293615763 0.815665994952 0.801495917582 0.814989130435 0.813402023572
70000 0.815054664903 0.820956932228 0.821627310152 0.817195520081 0.812149299744 0.814247710526 0.809688098336 0.813453868144 0.818980271533 0.817910514282
100000 0.816953312205 0.812969611775 0.825648573652 0.817130061299 0.817952156114 0.811505878792 0.821319021558 0.816769149226 0.815791195178 0.817655791488
400000 0.818116185523 0.822580412131 0.819464749888 0.821145937113 0.819271853871 0.818021110213 0.819720824184 0.816966681231 0.823125317016 0.823937209405
700000 0.820563346593 0.81739009316 0.819047457953 0.818908582778 0.820113921396 0.820686125619 0.821800027078 0.820277898634 0.818324691371 0.820842140153
1000000 0.82077443724 0.820585551916 0.820455469235 0.821413466248 0.819949964823 0.821703912055 0.819347687945 0.818239378825 0.820931596427 0.820862412522
4000000 0.820799465315 0.820283362257 0.8214407456 0.82050676277 0.820984102073 0.8203502075 0.820539456884 0.820823619055 0.820859565035 0.820654392577
7000000 0.81962689912 0.821576008302 0.821671084592 0.820934535337 0.820575821003 0.821021944989 0.820024783808 0.821197880699 0.820574352798 0.820515834702
10000000 0.820949283089 0.820874260037 0.820736038216 0.820193696763 0.820588971852 0.821358352708 0.821129940455 0.82090792448 0.821217980885 0.821114093439