#316188 326650
10 0.0 0.1 0.0 0.181818181818 0.0 0.0 0.0 0.0 0.0 0.1
40 0.0697674418605 0.047619047619 0.063829787234 0.127659574468 0.0731707317073 0.046511627907 0.0952380952381 0.0652173913043 0.05 0.0731707317073
70 0.0909090909091 0.0519480519481 0.129411764706 0.103448275862 0.103896103896 0.15 0.0641025641026 0.101265822785 0.134146341463 0.037037037037
100 0.0756302521008 0.162790697674 0.1796875 0.142857142857 0.152 0.0901639344262 0.141732283465 0.162601626016 0.168067226891 0.16393442623
400 0.386479591837 0.469696969697 0.386138613861 0.436708860759 0.495972382048 0.469575200918 0.428571428571 0.447058823529 0.438574938575 0.418439716312
700 0.502750275028 0.596379126731 0.533684210526 0.545035823951 0.54641350211 0.541242937853 0.522532188841 0.569066666667 0.568392370572 0.545084055018
1000 0.568181818182 0.619791666667 0.635419756749 0.629295282469 0.629544803894 0.663501815135 0.626779846659 0.577526132404 0.62467191601 0.611461146115
4000 0.776106872114 0.753780762728 0.77923246289 0.76627045986 0.777488336846 0.777286376015 0.786830977407 0.771233038348 0.776525958983 0.76326540421
7000 0.809655919893 0.81051933101 0.822743087347 0.817778181248 0.814243189025 0.803646159026 0.801409859337 0.816810539173 0.797567374578 0.80880404141
10000 0.8298719945 0.811984871516 0.812247658148 0.818984084035 0.832228629118 0.834308572716 0.830285006778 0.819147731488 0.827560077066 0.832246537208
40000 0.850239332984 0.846389920811 0.8449861115 0.84916196071 0.853562542092 0.847763414355 0.848964277522 0.844347937822 0.84869355967 0.850661779161
70000 0.848362922808 0.858493317567 0.852447349797 0.85213051261 0.850396733392 0.852020375042 0.85405722049 0.850193605671 0.849506591727 0.854041110594
100000 0.85125745079 0.853089978058 0.848245189005 0.852192284205 0.853134665255 0.853655590652 0.853838632737 0.855806505611 0.850819355562 0.855655966544
400000 0.855364883609 0.853224017777 0.857623507598 0.853664335155 0.855310161259 0.853533527265 0.853706375911 0.853929473156 0.853994947864 0.856591420357
700000 0.855321404119 0.854471170468 0.8558733775 0.854664203851 0.855882496969 0.855892252181 0.853958191116 0.855206840879 0.855463615618 0.856252591307
1000000 0.856203780971 0.854650047944 0.856339377416 0.854385361045 0.855716389763 0.855221419668 0.857065889093 0.856511054158 0.854919250284 0.855499134172
4000000 0.855540437765 0.856935528829 0.85678593644 0.85658330353 0.856223087318 0.856210415418 0.855805817957 0.856908217231 0.856185941921 0.856038996517
7000000 0.855802135474 0.856173484259 0.856514561555 0.856389044674 0.856403455202 0.856168664584 0.85612928855 0.855825727393 0.856656251867 0.855923152345
10000000 0.856373952544 0.856067924335 0.856598647051 0.856182162439 0.85645384462 0.856017043973 0.856766900106 0.856572606971 0.85617273301 0.855951017034