#316188 326780
10 0.0 0.0 0.0 0.0 0.1 0.0 0.0 0.0 0.0 0.0
40 0.108695652174 0.0952380952381 0.217391304348 0.0731707317073 0.046511627907 0.0 0.046511627907 0.113636363636 0.0434782608696 0.0952380952381
70 0.134146341463 0.107142857143 0.0933333333333 0.139534883721 0.119047619048 0.0769230769231 0.2375 0.119047619048 0.119047619048 0.204545454545
100 0.173228346457 0.166666666667 0.245901639344 0.158333333333 0.210526315789 0.190082644628 0.19512195122 0.108333333333 0.15873015873 0.147540983607
400 0.447368421053 0.445431472081 0.429139072848 0.501896333755 0.454658385093 0.380636604775 0.442240373396 0.41577540107 0.407552083333 0.413151364764
700 0.549973835688 0.580866807611 0.565573770492 0.575013068479 0.58208182289 0.559168443497 0.479120879121 0.601239669421 0.614386154678 0.575192096597
1000 0.606374056472 0.608290778011 0.629608938547 0.587628865979 0.622017821213 0.651234567901 0.609296852015 0.620446893174 0.619791666667 0.612822906941
4000 0.772629411214 0.808173322795 0.82166936829 0.811798467912 0.816135211268 0.796405132726 0.786030496803 0.802117911076 0.788876303743 0.799873693074
7000 0.841955122076 0.834905734424 0.823266880105 0.835801560901 0.827407169265 0.831437443559 0.827943849094 0.81658695961 0.817871463309 0.826534214918
10000 0.842519503832 0.850008027033 0.84518643062 0.834785851141 0.846893322239 0.847510828066 0.839409832929 0.845767167781 0.842663392309 0.843334951064
40000 0.863103353607 0.868909392601 0.865860642911 0.869555316245 0.869847309275 0.873815418158 0.868242229131 0.868456510673 0.867404165542 0.870189594623
70000 0.873687482172 0.870951833848 0.873954089455 0.87264185374 0.871366995738 0.870327903806 0.875161748299 0.875909780514 0.872144676504 0.870344746977
100000 0.876124566018 0.872802133001 0.873933402568 0.875032448024 0.873439404274 0.87581952383 0.873970428533 0.870326076545 0.873024329322 0.876305882152
400000 0.878203273807 0.876776183419 0.87872595703 0.876233344682 0.875506541453 0.875731498458 0.876308740514 0.875521472587 0.877711324439 0.877100598363
700000 0.876324625325 0.877304506063 0.876399140331 0.877914796332 0.877141150005 0.877427734682 0.875924205939 0.876775934586 0.876745787877 0.876339758699
1000000 0.876405298588 0.877019170206 0.876877852715 0.878971681303 0.87702745264 0.876908647621 0.876674588063 0.877678391688 0.879073038521 0.87722270633
4000000 0.877633398267 0.87765200125 0.878214627805 0.8778660851 0.878063176376 0.877409693583 0.877799818551 0.877752771408 0.876979248556 0.877617451401
7000000 0.877872579115 0.877950178831 0.877753307971 0.877656477173 0.877554286986 0.877331679779 0.877441923393 0.877315818844 0.877794387526 0.877754690416
10000000 0.877485152898 0.877943190841 0.877518018376 0.878026042056 0.877658159532 0.877997114507 0.877967430986 0.877948860572 0.877489575847 0.877769554538