#316188 326713
10 0.1 0.0 0.0 0.0 0.0 0.0 0.0 0.0 0.0 0.0
40 0.0909090909091 0.046511627907 0.0212765957447 0.093023255814 0.0975609756098 0.093023255814 0.0952380952381 0.0714285714286 0.0731707317073 0.0238095238095
70 0.0384615384615 0.0361445783133 0.0 0.0789473684211 0.0632911392405 0.202380952381 0.0625 0.128205128205 0.1125 0.209302325581
100 0.149122807018 0.0813008130081 0.159292035398 0.145299145299 0.0877192982456 0.0894308943089 0.134453781513 0.157024793388 0.153846153846 0.145454545455
400 0.401114206128 0.351390922401 0.371584699454 0.413245033113 0.382920110193 0.433333333333 0.364153627312 0.419108280255 0.321379310345 0.343624161074
700 0.536398467433 0.5137186223 0.524369747899 0.553366174056 0.500850822462 0.485239852399 0.519274376417 0.4875 0.496826312752 0.518648018648
1000 0.591755725191 0.619271814187 0.622388525101 0.59135373935 0.563371356147 0.580834621329 0.566339869281 0.575447570332 0.583445040214 0.611679313758
4000 0.797046583434 0.771231464594 0.796687236116 0.788295995999 0.805981494587 0.78246289027 0.773075776869 0.776301279224 0.770657809462 0.785683344163
7000 0.814975731244 0.828387478724 0.793001445746 0.818140935039 0.812895363548 0.822149723059 0.815876617686 0.801855990582 0.802182227835 0.824965991984
10000 0.827824808751 0.831883497648 0.834111464465 0.818066023203 0.844902903877 0.822003290025 0.822645546221 0.827788088869 0.830933754799 0.829066883063
40000 0.863245762323 0.858871440992 0.862083794388 0.863110177446 0.862106801032 0.862833964033 0.870124969756 0.856795805218 0.858703196951 0.861720430364
70000 0.863241694299 0.863954407168 0.864625296207 0.869906308223 0.864435844881 0.866320308772 0.864684724258 0.864034513642 0.864736184705 0.863762917916
100000 0.863971517211 0.868513160102 0.869729820276 0.869267233222 0.869045807215 0.871180965705 0.864221685448 0.872748102994 0.869119666654 0.868376983618
400000 0.868806149304 0.871877414707 0.873498837176 0.868925821887 0.870814645204 0.872524523885 0.870532081176 0.87188501041 0.874085446233 0.871435365613
700000 0.871648800593 0.871216541784 0.872839941338 0.871194087786 0.872720494545 0.872391797214 0.870883214961 0.872417564854 0.870998414223 0.870988014202
1000000 0.871041200523 0.872195515268 0.871494369778 0.872116598713 0.872299853649 0.871952312097 0.872915492628 0.872190441473 0.871662416858 0.873702832541
4000000 0.872859767563 0.872722327836 0.872721220911 0.872160104777 0.873177459278 0.872402074687 0.872334453309 0.872979426242 0.8722355965 0.872608335727
7000000 0.872674793261 0.872689949191 0.872426357284 0.872336423912 0.872557279944 0.872772483846 0.872430591369 0.872082223932 0.872403191912 0.872761113302
10000000 0.872379212327 0.872804928396 0.872738860349 0.872309096531 0.872018854923 0.872345598491 0.87272298299 0.872764078041 0.872598189986 0.87295317464