#316188 326797
10 0.0 0.1 0.0 0.0 0.0 0.0 0.0 0.0 0.1 0.0
40 0.0243902439024 0.0714285714286 0.046511627907 0.121951219512 0.0243902439024 0.046511627907 0.148936170213 0.0425531914894 0.046511627907 0.181818181818
70 0.0519480519481 0.0897435897436 0.0487804878049 0.135802469136 0.129411764706 0.0789473684211 0.0722891566265 0.172839506173 0.105882352941 0.101265822785
100 0.186991869919 0.0973451327434 0.140495867769 0.0948275862069 0.230158730159 0.0769230769231 0.117647058824 0.240310077519 0.179487179487 0.145299145299
400 0.328244274809 0.431937172775 0.454094292804 0.397862232779 0.39872611465 0.405 0.420253164557 0.419817470665 0.399032648126 0.389736477115
700 0.543388429752 0.522503879979 0.461454346638 0.454022988506 0.5 0.496256684492 0.541666666667 0.511543134872 0.473520249221 0.546908315565
1000 0.536360846886 0.51724137931 0.573206876111 0.569494584838 0.587226493199 0.553157727705 0.569654754694 0.548327707886 0.544619799139 0.571855392889
4000 0.729194187583 0.744546429849 0.742863400745 0.760863945099 0.744963576395 0.746072772898 0.733866163622 0.704597511157 0.72622464935 0.731324576356
7000 0.780038032327 0.772241489724 0.776469741441 0.739384402445 0.777431110435 0.760169942439 0.760948048374 0.750655585423 0.768682758953 0.784149301468
10000 0.779457998377 0.787774480712 0.790565706675 0.778141970363 0.765786404358 0.794353716063 0.779792789616 0.771726828329 0.758877752906 0.780244092191
40000 0.813724625809 0.812613978962 0.807938698106 0.81269906868 0.814788312494 0.806059695558 0.818152535747 0.811139684863 0.807004748205 0.812429908168
70000 0.813331735315 0.810713118759 0.81426909105 0.811044061602 0.805864420063 0.811851352531 0.816315848416 0.81151661898 0.802666062222 0.81453123837
100000 0.812030332255 0.811865425978 0.814506043122 0.816237683726 0.815145275982 0.811153707113 0.80989418578 0.814757048923 0.817166644644 0.813691842272
400000 0.815471523663 0.813519265185 0.814615827912 0.814349074452 0.812812021064 0.81368501394 0.815974282082 0.817977848839 0.813210675034 0.810766018436
700000 0.815178402015 0.815580111508 0.815125492451 0.815164389918 0.816709059142 0.817741347421 0.814490060833 0.816601763939 0.815882592109 0.818037535054
1000000 0.816301869224 0.816497796921 0.814647839301 0.815949844339 0.816124323193 0.814257366602 0.816078338335 0.815816504626 0.815754549084 0.816623831631
4000000 0.814978927567 0.816505552323 0.816659525909 0.816150451046 0.816242877576 0.816841527908 0.815791671666 0.815590597306 0.816717142914 0.815940573133
7000000 0.816315868323 0.815832829415 0.816300019737 0.816165733064 0.815803850944 0.816110576909 0.816060777351 0.816058280001 0.816946170253 0.816074007512
10000000 0.815694590657 0.816021135929 0.816365934833 0.816521033653 0.816224420905 0.81592346573 0.816301529613 0.815862218779 0.816278551095 0.816411821345