#316188 316188
10 0.0 0.1 0.0 0.0 0.0 0.0 0.0 0.1 0.0 0.0
40 0.046511627907 0.0909090909091 0.2 0.119047619048 0.186046511628 0.0 0.093023255814 0.0697674418605 0.0243902439024 0.133333333333
70 0.10843373494 0.234567901235 0.105882352941 0.0886075949367 0.102564102564 0.134146341463 0.113924050633 0.172413793103 0.0581395348837 0.117647058824
100 0.216666666667 0.208 0.157024793388 0.271186440678 0.186991869919 0.269565217391 0.276923076923 0.220472440945 0.247863247863 0.192307692308
400 0.466019417476 0.565912117177 0.49154589372 0.45727482679 0.521377672209 0.569105691057 0.543838862559 0.46625 0.553398058252 0.533244680851
700 0.675605982465 0.65824742268 0.689325035902 0.663080684597 0.648893360161 0.625466169419 0.607934054611 0.647374062165 0.654427645788 0.668940188877
1000 0.71969265794 0.692389853138 0.725369801842 0.710034237556 0.739142695995 0.691937765205 0.743190661479 0.695146182231 0.697451356536 0.739057708391
4000 0.912456553425 0.915254986952 0.908436797785 0.916034609311 0.917598806861 0.904590170931 0.905256312508 0.907309875142 0.914286976302 0.914394875829
7000 0.950902576197 0.950446943267 0.950162438653 0.948619637794 0.941701743836 0.95443472735 0.948323521501 0.946741864305 0.952232464626 0.943785845096
10000 0.963027564254 0.96831732752 0.962336477258 0.963934475012 0.963751317964 0.960084486558 0.964118678749 0.96350207701 0.962482972322 0.966119777823
40000 0.990661956496 0.991637739097 0.989145805012 0.991109681027 0.990597959066 0.990513711895 0.990291231699 0.991199293724 0.990276732894 0.991213769879
70000 0.994488389701 0.994010892666 0.993856037638 0.994495341299 0.994371153844 0.993839524963 0.994454584429 0.994300821139 0.995109821136 0.994787464023
100000 0.996030105689 0.996197510522 0.996284463162 0.996382173218 0.996070982949 0.996366296415 0.995732859245 0.995925023019 0.996504823381 0.996405553566
400000 0.999037808467 0.998880054987 0.999008154724 0.998967289931 0.999009486183 0.99903644867 0.999002994183 0.999018338292 0.998927651523 0.99908133162
700000 0.999483321381 0.999470388891 0.9994591281 0.999353429164 0.999406069652 0.999455274643 0.99944162888 0.999458148853 0.999496506619 0.99943120809
1000000 0.999652822053 0.999606526134 0.999588539172 0.999631905315 0.999557497849 0.999629578236 0.999604254919 0.999597761873 0.999557496646 0.999604898283
4000000 0.999897116865 0.99991016308 0.999902242601 0.999892135908 0.999905957948 0.99990562818 0.99992168925 0.999901803378 0.999909496105 0.999898550196
7000000 0.999941955813 0.999941725865 0.99994338891 0.999947529547 0.999941294655 0.999946722829 0.999933699076 0.999945023368 0.999941983401 0.999936403788
10000000 0.999960984654 0.999961706942 0.999961449361 0.999959108541 0.999962783903 0.999965133336 0.999962630653 0.999959495954 0.99996203988 0.999964051758