#316188 327059
10 0.0 0.0 0.0 0.0909090909091 0.0 0.0 0.2 0.0 0.0 0.0
40 0.047619047619 0.0731707317073 0.0243902439024 0.0952380952381 0.0652173913043 0.121951219512 0.142857142857 0.0212765957447 0.0238095238095 0.0909090909091
70 0.115384615385 0.179487179487 0.075 0.0759493670886 0.105263157895 0.0810810810811 0.0759493670886 0.146341463415 0.166666666667 0.177215189873
100 0.176470588235 0.183333333333 0.152542372881 0.105691056911 0.15652173913 0.203389830508 0.139344262295 0.147826086957 0.123966942149 0.138211382114
400 0.401021711367 0.435761589404 0.407042253521 0.383720930233 0.422879177378 0.448186528497 0.412244897959 0.47619047619 0.302613480055 0.412
700 0.502008032129 0.551891891892 0.566180443004 0.527977839335 0.569198751301 0.517351841965 0.577967003725 0.512082853855 0.559145129225 0.523587652883
1000 0.612032520325 0.59981018665 0.569245463228 0.650118906064 0.587692307692 0.61484325016 0.585085413929 0.580843855867 0.58677935406 0.641795311607
4000 0.784354676677 0.787570354006 0.789699367463 0.781745827985 0.790710248218 0.809248410819 0.795315858389 0.790940854134 0.803370231271 0.792324029126
7000 0.81045992762 0.847511657482 0.819281515572 0.839880728615 0.838015799611 0.823716096762 0.84047986083 0.826115028887 0.822722694284 0.845227532007
10000 0.85062985063 0.825763887325 0.842141232951 0.840567468053 0.835427683003 0.835082395583 0.840516219694 0.841353231654 0.833927659592 0.843560980514
40000 0.867252775415 0.870661934206 0.867178422043 0.871069016847 0.869400682177 0.870605650352 0.867287998153 0.87324177308 0.869322011482 0.86994520806
70000 0.872381498879 0.873492963296 0.877333253249 0.871455268376 0.875011871834 0.87148292394 0.871881501916 0.870447720414 0.872954175556 0.872046423939
100000 0.874896635782 0.871915224719 0.872851552275 0.869501354023 0.87144536006 0.873920524376 0.874163328238 0.876344967864 0.87337148045 0.878498697055
400000 0.877611664997 0.878516730817 0.878010893112 0.877310522015 0.876484829966 0.875379797877 0.877906034817 0.876241571273 0.876781297355 0.878214291798
700000 0.876815117724 0.880538761661 0.878715422227 0.877116266546 0.877606593938 0.875646145932 0.877679720026 0.876671669245 0.876080567479 0.878178869706
1000000 0.878108311967 0.877922202156 0.878325699105 0.876510415071 0.877902896603 0.878692953766 0.878186847039 0.877632072186 0.878687759166 0.879070332222
4000000 0.879132141678 0.878461356343 0.878571242987 0.878392383993 0.878884938739 0.87865447583 0.879172783349 0.878196315383 0.87791059986 0.878757668164
7000000 0.878512063823 0.878479827461 0.878406495752 0.878142907574 0.878433317514 0.878302400254 0.878896918339 0.878127845211 0.87847130984 0.878421007909
10000000 0.878882429894 0.877886544102 0.878446710545 0.878636596113 0.878753328183 0.878446382123 0.87814049354 0.878047987138 0.878358511201 0.878680043212