#316188 D103
10 0.0 0.0 0.0 0.0 0.0 0.0 0.0 0.0 0.0 0.0
40 0.0232558139535 0.0 0.0208333333333 0.0697674418605 0.0243902439024 0.0243902439024 0.093023255814 0.121951219512 0.125 0.047619047619
70 0.151898734177 0.0384615384615 0.0641025641026 0.166666666667 0.0405405405405 0.12987012987 0.151898734177 0.158536585366 0.120481927711 0.0740740740741
100 0.0756302521008 0.161290322581 0.0982142857143 0.2 0.140495867769 0.161016949153 0.178294573643 0.131147540984 0.0833333333333 0.172413793103
400 0.365277777778 0.384937238494 0.43471810089 0.382234185734 0.471116816431 0.323138297872 0.365467625899 0.365620736698 0.329856584094 0.384955752212
700 0.464389114071 0.494280553883 0.503157894737 0.456570155902 0.473074696005 0.518221124151 0.426470588235 0.474970202622 0.518079096045 0.427278213639
1000 0.558569299553 0.519705222685 0.506763444408 0.551001251564 0.547548535703 0.557080474111 0.55193160228 0.568725099602 0.532936010038 0.549534574468
4000 0.740422484783 0.740267781131 0.721601975038 0.708601712189 0.736600347902 0.741514494996 0.737191967514 0.736426190732 0.74117678827 0.733384430089
7000 0.783757996511 0.752448855356 0.776569709877 0.778246618694 0.779514015956 0.777806004409 0.755502547978 0.754319864882 0.785021976249 0.768338276265
10000 0.782622276118 0.774705357305 0.772668477558 0.772247787929 0.785251281865 0.770716973568 0.775134461347 0.774162916477 0.775070303391 0.797703774241
40000 0.813551134025 0.815089691585 0.816530561518 0.812687899589 0.817674119364 0.807200198058 0.812011428623 0.808558269832 0.81571137361 0.80469997245
70000 0.821672102946 0.815955435599 0.822092873074 0.814589205913 0.816613851039 0.817107782123 0.815552286398 0.80797720336 0.822686009234 0.816851568112
100000 0.814547135421 0.817739037207 0.817575372511 0.81713427275 0.821042439485 0.818142553489 0.810770110086 0.825533059976 0.816553767439 0.815293766121
400000 0.819622870987 0.822022403646 0.820648883712 0.821918966314 0.820555457171 0.820221085479 0.818982781585 0.822112815592 0.822051722952 0.82027313972
700000 0.821335591297 0.822001387764 0.820494425215 0.819739064133 0.82136569696 0.819481899967 0.820925946364 0.820242351609 0.81985899695 0.818588857632
1000000 0.821307003368 0.821769098251 0.821293742857 0.822019697432 0.819741934323 0.821522458247 0.820862360907 0.821206381012 0.821376298593 0.821934572501
4000000 0.822109373216 0.821853793964 0.822482118469 0.821789777487 0.821753651707 0.821639012596 0.821944998668 0.82253766393 0.820940098293 0.821915555347
7000000 0.821291534157 0.822061131326 0.82194475429 0.822037620549 0.822110475147 0.821645812664 0.821105110143 0.821910969301 0.821525030378 0.821790363421
10000000 0.82172624767 0.822320979366 0.821927098506 0.822134347387 0.821987229961 0.821596344938 0.821967884961 0.822184626625 0.821722459223 0.822028222804