#326650 326907
10 0.2 0.0 0.1 0.0 0.0 0.0 0.0 0.0 0.0 0.2
40 0.0697674418605 0.130434782609 0.204545454545 0.046511627907 0.204545454545 0.295454545455 0.0222222222222 0.0697674418605 0.0909090909091 0.0
70 0.115384615385 0.105882352941 0.0379746835443 0.103448275862 0.157303370787 0.148148148148 0.166666666667 0.142857142857 0.183908045977 0.215189873418
100 0.150793650794 0.15503875969 0.195652173913 0.107438016529 0.230769230769 0.15873015873 0.186567164179 0.235294117647 0.118644067797 0.18487394958
400 0.405114401077 0.445962732919 0.506285714286 0.46357615894 0.479381443299 0.460880195599 0.400681044268 0.476829268293 0.444010416667 0.490396927017
700 0.582053742802 0.55829228243 0.612534309241 0.607927155865 0.606798579401 0.587659157689 0.623953974895 0.527692307692 0.5783619818 0.540106951872
1000 0.643831640058 0.649550026469 0.67490283176 0.665806451613 0.661882417886 0.68591160221 0.651548672566 0.669547079857 0.619767755874 0.666937889883
4000 0.812540015454 0.808160244252 0.833864913537 0.833203268454 0.837202855361 0.836081017428 0.813070649765 0.809375355558 0.824534580448 0.81432698651
7000 0.856215789177 0.833718009107 0.853058365407 0.856326314596 0.868195784099 0.862665012369 0.835702189428 0.841183759638 0.856349899779 0.840883486511
10000 0.860596330275 0.863648345358 0.884590767108 0.864434307704 0.870353108285 0.871469587207 0.8598447557 0.851350187105 0.879687151182 0.870083742862
40000 0.897058705531 0.887646927742 0.904455307924 0.897753157132 0.886450089868 0.898977173271 0.890837191977 0.893365130281 0.896338348728 0.892868122368
70000 0.898788376027 0.895485465879 0.900039679277 0.895414323828 0.899084810027 0.900018068524 0.900675222022 0.899399892816 0.896520780912 0.900470872483
100000 0.896380868727 0.900116516989 0.89755038009 0.900902216482 0.897658456996 0.898196513196 0.897076426027 0.904361976095 0.89371871582 0.896646863647
400000 0.902750076374 0.901981014103 0.901824443514 0.904256273758 0.900439153547 0.901090747883 0.902708100035 0.901083646988 0.903046206487 0.902405914923
700000 0.902578494708 0.900375192446 0.902211011327 0.900998347477 0.901345480102 0.903777818502 0.902620317565 0.903818613303 0.903177469304 0.903149468081
1000000 0.902368607141 0.903772754061 0.902599754712 0.902048152581 0.903300414713 0.903437322898 0.901877169487 0.903645874148 0.900890119058 0.902312869043
4000000 0.902884451448 0.902932189003 0.902577053709 0.903106447402 0.902927086544 0.90273058324 0.902961773066 0.903125304517 0.902623910092 0.903159871237
7000000 0.90319816582 0.902928033981 0.902996008271 0.902961432658 0.903446652585 0.90326710513 0.902345000157 0.902939303887 0.902870074435 0.902870164929
10000000 0.902992815695 0.902915473614 0.902927701568 0.903317545792 0.902811618273 0.903183627718 0.903108110023 0.902984935818 0.903032797217 0.903075675075