#326651 326797
10 0.0909090909091 0.0 0.0 0.0 0.0 0.0 0.0 0.0 0.1 0.0
40 0.047619047619 0.0232558139535 0.0444444444444 0.047619047619 0.0232558139535 0.0454545454545 0.0444444444444 0.0952380952381 0.0952380952381 0.0227272727273
70 0.115384615385 0.115384615385 0.15 0.0519480519481 0.0519480519481 0.0789473684211 0.101265822785 0.126582278481 0.0263157894737 0.113924050633
100 0.114754098361 0.110091743119 0.0924369747899 0.0948275862069 0.0619469026549 0.181818181818 0.129032258065 0.107438016529 0.103448275862 0.112903225806
400 0.317796610169 0.329545454545 0.24898511502 0.312316715543 0.382470119522 0.34598540146 0.270380434783 0.27972972973 0.345557122708 0.292957746479
700 0.43001261034 0.425394967817 0.394106813996 0.413612565445 0.426940639269 0.458975940777 0.425294482331 0.409411764706 0.410414333707 0.381139489194
1000 0.504980079681 0.480157428665 0.513692162417 0.518181818182 0.463221306278 0.515328970031 0.476144422953 0.463512162612 0.512005910602 0.512559618442
4000 0.667075653217 0.654244487112 0.659688318853 0.641382868937 0.69027027027 0.635647139746 0.612690019828 0.667724351151 0.667269647113 0.632406188282
7000 0.695182025712 0.67674058508 0.676886699894 0.713086331436 0.695566492899 0.69289166959 0.671951266016 0.682615054241 0.679955501424 0.66573681918
10000 0.719190813077 0.70051933617 0.693744934944 0.706498480098 0.702073665547 0.689716286229 0.723337455542 0.697194297589 0.733466972402 0.711879975505
40000 0.731133224391 0.728339685764 0.734140176694 0.744151061736 0.729596443246 0.735245528533 0.738315268312 0.73306860359 0.741602247175 0.726409815942
70000 0.741517812395 0.738117206704 0.737819816018 0.739247345688 0.744236479371 0.741041240688 0.735891320938 0.742611631385 0.740033295816 0.740396182104
100000 0.742871516816 0.740389890594 0.747517011321 0.736930429837 0.742221991608 0.740622238949 0.73462983772 0.740582104954 0.739533874833 0.734740769004
400000 0.743623861776 0.742769717306 0.744599019388 0.740230962728 0.744134119351 0.744127059885 0.742121010356 0.741396747923 0.742965207282 0.742678285377
700000 0.744483883561 0.741192173545 0.743337797257 0.743394605087 0.743233277411 0.743241245833 0.742897633525 0.743573653734 0.740816240744 0.743237157749
1000000 0.743721829471 0.741823120297 0.741564324748 0.742444825133 0.742041950927 0.74473559323 0.744888461271 0.744096283522 0.742811286643 0.744256606677
4000000 0.743785681801 0.744533701329 0.744050465511 0.743722052202 0.743447725622 0.742701447011 0.744408655584 0.743531654735 0.743351848294 0.744360144441
7000000 0.743389294905 0.7435228973 0.74334441818 0.742927484963 0.744022559115 0.743802108296 0.742476230139 0.744005161034 0.743310724318 0.744270480188
10000000 0.743280099922 0.74379651456 0.743590766306 0.743436819788 0.743628385009 0.742969276944 0.744004943435 0.743560154254 0.743142199357 0.743378649612