#326651 326780
10 0.0 0.0909090909091 0.0 0.0 0.1 0.0 0.0 0.0 0.1 0.0
40 0.05 0.093023255814 0.0232558139535 0.047619047619 0.0851063829787 0.093023255814 0.0666666666667 0.0222222222222 0.0243902439024 0.075
70 0.12987012987 0.107142857143 0.168831168831 0.16 0.0769230769231 0.0769230769231 0.037037037037 0.037037037037 0.171052631579 0.0649350649351
100 0.100840336134 0.144144144144 0.126050420168 0.141666666667 0.146341463415 0.132743362832 0.173228346457 0.1015625 0.136752136752 0.163636363636
400 0.320936639118 0.388140161725 0.388563049853 0.33286908078 0.367231638418 0.347651006711 0.325337331334 0.349165596919 0.366336633663 0.354666666667
700 0.481216457961 0.474555487431 0.444257703081 0.465915826912 0.48612716763 0.469893742621 0.51043429216 0.474271543707 0.46770472895 0.432461873638
1000 0.580500320718 0.501905972046 0.526739690722 0.576474109548 0.591723688498 0.574675324675 0.511480865225 0.575517241379 0.50522317189 0.52974410103
4000 0.717169280257 0.707826467292 0.68894083508 0.708197256695 0.725758593663 0.696024348488 0.712538965925 0.684564306319 0.716055514168 0.713717209453
7000 0.755438091548 0.750183415434 0.751534959288 0.713206683452 0.756026113157 0.747562206562 0.742081707597 0.756025446603 0.734609476545 0.736671500469
10000 0.754871415252 0.752848321039 0.756076671725 0.765966818382 0.754605111944 0.742269100213 0.740879525206 0.760830371401 0.768160704765 0.764953224746
40000 0.782317551912 0.791409786115 0.776965775441 0.789211477088 0.78905298305 0.787370959253 0.782038238244 0.79080225746 0.780975784911 0.786025940879
70000 0.783725322306 0.788383040549 0.793503988822 0.787458134396 0.785697529177 0.792702999734 0.792332778745 0.794434919349 0.790833566353 0.78651162603
100000 0.791495933988 0.792095949727 0.788124622677 0.790667024422 0.791535992797 0.78620988552 0.78719307106 0.793438987536 0.7823726416 0.78780300637
400000 0.793099593349 0.794151276777 0.792318965659 0.793630413486 0.793968956166 0.793613212645 0.790855969633 0.793030842069 0.793465541763 0.794140426157
700000 0.794466722541 0.795490746144 0.792499107348 0.791510598337 0.793664316009 0.79139016668 0.793256148635 0.79281694148 0.793386719305 0.792277170755
1000000 0.793418532189 0.793644757317 0.79182899006 0.791961230693 0.792517065614 0.793502608768 0.792754394386 0.79551009535 0.794412812828 0.795829272299
4000000 0.792848180078 0.793747357025 0.793679871589 0.793809870076 0.793981848933 0.793119075505 0.793577937833 0.79394055468 0.79413717219 0.792860923002
7000000 0.793876457215 0.793965559494 0.793854518182 0.794060091874 0.793144565503 0.793818473831 0.793774010504 0.792998184956 0.793406232065 0.794191683629
10000000 0.794192469857 0.793039366491 0.793585825221 0.793948782253 0.793615353368 0.793387479479 0.793705525993 0.793455793552 0.793792071609 0.79348491149