#326651 326651
10 0.0 0.0 0.0 0.0 0.0 0.0 0.0 0.0 0.0 0.0
40 0.142857142857 0.0238095238095 0.0681818181818 0.047619047619 0.113636363636 0.047619047619 0.0454545454545 0.047619047619 0.119047619048 0.0731707317073
70 0.164556962025 0.0740740740741 0.121621621622 0.175 0.155844155844 0.12 0.0533333333333 0.144736842105 0.158536585366 0.0379746835443
100 0.106194690265 0.142857142857 0.24 0.16 0.145299145299 0.129310344828 0.0884955752212 0.142857142857 0.175572519084 0.165289256198
400 0.385196374622 0.429403202329 0.470501474926 0.454285714286 0.411851851852 0.385185185185 0.44512195122 0.40979020979 0.381635581062 0.456375838926
700 0.607487922705 0.522272433828 0.558606831882 0.53320918684 0.572554169402 0.583762886598 0.544154228856 0.551771117166 0.591483699268 0.614074914869
1000 0.633925461512 0.642386530015 0.628744650499 0.62205830699 0.668076797917 0.701577710641 0.672900494001 0.618963694043 0.686484618044 0.64207740655
4000 0.877813976696 0.882377689626 0.886030725259 0.880224134728 0.8864125468 0.872337821297 0.870992250418 0.882710338021 0.87495475932 0.883795532904
7000 0.926853633658 0.924023575971 0.932010464797 0.931391884951 0.931606578893 0.930704663212 0.925846094454 0.923279171268 0.921941711528 0.933392896581
10000 0.949866404874 0.945176359437 0.952081398294 0.944333155388 0.950477584591 0.950039948737 0.946218037255 0.948406135654 0.946413056969 0.945048498942
40000 0.986746234576 0.985414461635 0.986924665062 0.986789034583 0.986101632371 0.986152928483 0.987677211399 0.986768610194 0.986880227447 0.987215440994
70000 0.991846124777 0.992568984902 0.992367368229 0.992430002362 0.993002618564 0.992306825221 0.991873989144 0.9923018895 0.991897219227 0.99250498597
100000 0.994212644719 0.994474289129 0.993515785484 0.994818387195 0.99465644082 0.994889124631 0.994203833763 0.994956696388 0.994606227612 0.994654914527
400000 0.998620586659 0.998689006151 0.998578134659 0.998472858611 0.998695183573 0.998661485446 0.998685881009 0.998694255751 0.998602103498 0.998578882182
700000 0.999204585188 0.999210253599 0.999235463096 0.999098644341 0.99916059588 0.999211582107 0.999184465243 0.99922477664 0.999213767395 0.999299471327
1000000 0.999486553902 0.999414316259 0.999412812155 0.999442368789 0.999454542242 0.999493570249 0.999444885088 0.999477858134 0.999476011799 0.999395757274
4000000 0.999875550463 0.999844258514 0.999852508094 0.999862866603 0.999866946821 0.999861051589 0.999854340781 0.999861244166 0.999868255506 0.999848554334
7000000 0.999926271451 0.999923275969 0.999917184152 0.999919198027 0.999919645133 0.999921306203 0.999923626009 0.999924085888 0.999916010048 0.999917187652
10000000 0.999944321204 0.999940800282 0.999949386032 0.999940801169 0.999945993128 0.999947594199 0.999948145307 0.999946240666 0.999948553373 0.999946874879