#326651 D103
10 0.0 0.0 0.0 0.1 0.0 0.0 0.0 0.0 0.0 0.0
40 0.0243902439024 0.0444444444444 0.0666666666667 0.0952380952381 0.0434782608696 0.0232558139535 0.047619047619 0.047619047619 0.025 0.0
70 0.0789473684211 0.107142857143 0.0641025641026 0.08 0.0897435897436 0.1125 0.0789473684211 0.101265822785 0.038961038961 0.177215189873
100 0.118644067797 0.0948275862069 0.0826446280992 0.140495867769 0.0813008130081 0.0900900900901 0.0894308943089 0.100917431193 0.1 0.0839694656489
400 0.348228043143 0.298600311042 0.30701754386 0.310240963855 0.256259204713 0.334869431644 0.362341772152 0.317901234568 0.364306784661 0.303964757709
700 0.412019826518 0.440279542567 0.416501650165 0.403726708075 0.412844036697 0.497722836695 0.472440944882 0.43192812716 0.407284768212 0.47316471314
1000 0.565042139978 0.548286604361 0.574294205052 0.485631138596 0.512325830654 0.527855153203 0.526709401709 0.516463189049 0.50426742532 0.50831792976
4000 0.685587394293 0.720934891486 0.702898781303 0.705230453861 0.696966782096 0.711307581887 0.69722561071 0.699203831963 0.708405150563 0.694917399835
7000 0.741229682609 0.752189151725 0.770642609546 0.751503050969 0.739497770476 0.734411516222 0.77721616063 0.751483653879 0.730268454215 0.736689770737
10000 0.756363696391 0.763203516977 0.757957803836 0.757452282753 0.755295889749 0.761124951496 0.765539178098 0.752025517632 0.752228084461 0.754538771066
40000 0.792455326643 0.786256124773 0.796978146444 0.79953382276 0.805297766324 0.793490015506 0.792635431387 0.791393892582 0.806035096184 0.797073984429
70000 0.804603181941 0.798064448279 0.802854560223 0.80656776522 0.806402421744 0.80642186538 0.806720067985 0.806939639581 0.804733196614 0.805766267531
100000 0.806233045731 0.805764243878 0.810887202033 0.809568661501 0.801847824252 0.808481025813 0.810787313808 0.804823905268 0.806459343487 0.810973365594
400000 0.811664153953 0.809581242822 0.810146369662 0.810084175262 0.810231299601 0.808925754782 0.811273546248 0.806577614986 0.812085256793 0.808802913592
700000 0.809693453564 0.811155344439 0.809235958193 0.809671273512 0.808246096651 0.810881366776 0.808863086722 0.808858593234 0.811155809428 0.809349573427
1000000 0.810066885945 0.809419993704 0.810822454961 0.810954640836 0.80926510914 0.809049501636 0.809392489885 0.80924384484 0.809686375941 0.811362485071
4000000 0.810416405456 0.810440089266 0.81104487827 0.810982858644 0.811118123566 0.81132233076 0.810352450608 0.809879908372 0.810415398116 0.810988448342
7000000 0.811425625516 0.810352000549 0.810389981244 0.811071361345 0.810571164237 0.810200791927 0.810551753323 0.810984043129 0.810283367144 0.809603066021
10000000 0.810788245895 0.810666139344 0.810711835104 0.809785528989 0.810602773177 0.810710482441 0.81069722198 0.81032174066 0.810678926022 0.810642553723