#326651 326907
10 0.0 0.0 0.0 0.0 0.0 0.0 0.0 0.0 0.1 0.0
40 0.0434782608696 0.127659574468 0.0434782608696 0.113636363636 0.177777777778 0.0227272727273 0.093023255814 0.0232558139535 0.116279069767 0.0227272727273
70 0.0875 0.0666666666667 0.1125 0.0243902439024 0.0909090909091 0.168674698795 0.120481927711 0.1375 0.177215189873 0.117647058824
100 0.14406779661 0.103174603175 0.186991869919 0.113636363636 0.137931034483 0.139344262295 0.113043478261 0.114754098361 0.114035087719 0.118644067797
400 0.396078431373 0.424119241192 0.331226295828 0.374834437086 0.362407862408 0.386597938144 0.426470588235 0.432214765101 0.352941176471 0.316807738815
700 0.511971472236 0.476946721311 0.502010338886 0.499183451279 0.506017191977 0.437403400309 0.569430051813 0.501662971175 0.507853403141 0.490084985836
1000 0.56990557417 0.567714285714 0.593131548312 0.625983105156 0.554213560253 0.496509354929 0.537275784753 0.550507900677 0.579223810913 0.538341158059
4000 0.701863804482 0.731007523234 0.716187015028 0.718924000289 0.71965641425 0.68116920927 0.715973030656 0.716723714024 0.695690638605 0.733978450697
7000 0.732769337574 0.745243615674 0.746543199531 0.755788254675 0.730437643962 0.7342028668 0.742766093053 0.766138406858 0.751920530918 0.750920711466
10000 0.740244209978 0.76994543165 0.7762714974 0.778776502045 0.743233301843 0.779821611587 0.740524251372 0.749113050737 0.760507058671 0.753416798409
40000 0.776903156667 0.779457473156 0.77357895905 0.779928123526 0.785420975372 0.788655753259 0.780857725366 0.776331405427 0.780952002344 0.783909019598
70000 0.794417173135 0.786804361637 0.791569070185 0.777082698644 0.792895305579 0.790760273037 0.78317001457 0.789207771511 0.799263193268 0.792883097443
100000 0.79459464732 0.786847468014 0.782694571142 0.793454358825 0.793516241459 0.783794258109 0.78442862507 0.793719970913 0.787897580305 0.787171723695
400000 0.791949965481 0.793350936623 0.787885056833 0.79172072775 0.792945736208 0.792075201361 0.790000937756 0.79513614014 0.78979082817 0.791735953847
700000 0.793484537011 0.791304201372 0.793872458036 0.792157015422 0.794457844492 0.789710099147 0.792804673316 0.790686215079 0.789480262078 0.79429362032
1000000 0.79154438217 0.792523299128 0.791648945838 0.791066215656 0.792322277184 0.791787615999 0.792508256233 0.790965855268 0.790999000865 0.793626992361
4000000 0.791804808528 0.79119201963 0.792393395343 0.792169014156 0.792612537759 0.792674771848 0.793312753839 0.7918624501 0.792261987979 0.791958840378
7000000 0.79232457843 0.792754540243 0.79219898343 0.791783623102 0.792370600179 0.792130114291 0.792622309118 0.791535893566 0.792439789411 0.791869139322
10000000 0.792501903642 0.792550800997 0.792644908131 0.792360897553 0.79236187641 0.791783656892 0.792076242867 0.79156364723 0.792137966472 0.791913321064