#326650 326651
10 0.0 0.0 0.0 0.0 0.0 0.0 0.0 0.1 0.0 0.0
40 0.0487804878049 0.162790697674 0.0425531914894 0.0975609756098 0.0238095238095 0.0232558139535 0.046511627907 0.047619047619 0.0238095238095 0.0243902439024
70 0.0897435897436 0.139240506329 0.0769230769231 0.0864197530864 0.12987012987 0.0512820512821 0.0875 0.135802469136 0.111111111111 0.1375
100 0.0955882352941 0.149606299213 0.0944881889764 0.241935483871 0.0944881889764 0.149122807018 0.107438016529 0.142857142857 0.127272727273 0.133928571429
400 0.347651006711 0.33155792277 0.358146067416 0.413391557496 0.416547788873 0.365034965035 0.340057636888 0.355587808418 0.373071528752 0.344262295082
700 0.478798586572 0.451980792317 0.473234624146 0.38876146789 0.488495575221 0.488304093567 0.488274203247 0.431396786156 0.477725674091 0.437540453074
1000 0.530804248862 0.535370308867 0.505577328912 0.505614154474 0.513787085515 0.510887227819 0.504654255319 0.558893820417 0.499030381383 0.520475561427
4000 0.703136847426 0.694963214488 0.686980309309 0.695719191974 0.719303725579 0.712650985378 0.685640613303 0.68335928749 0.658871650212 0.702640048001
7000 0.749743847507 0.712125036223 0.724950865251 0.722475588525 0.724331100403 0.744729807141 0.742003160843 0.724360488741 0.720679778499 0.731801552934
10000 0.73184331776 0.753610396092 0.759582583663 0.771887788842 0.7496532126 0.779521966633 0.756837586454 0.765851502079 0.743714459596 0.7449542928
40000 0.783000321057 0.789021730347 0.781988567226 0.789983912722 0.780652287229 0.786024793444 0.783693822714 0.778969774762 0.77919909622 0.79507760325
70000 0.786161363344 0.785751690584 0.792033387587 0.78746568542 0.786768005191 0.779772755114 0.790344353383 0.784146572195 0.781511645945 0.786748457018
100000 0.784026141161 0.788884588675 0.778199496851 0.790521637821 0.782057491504 0.786913141167 0.785489582095 0.789460275325 0.78742429439 0.787387736162
400000 0.789144082628 0.791120587369 0.789638788822 0.788026675086 0.790920072009 0.790535536739 0.790423975659 0.788218069422 0.786630318294 0.790548010016
700000 0.789434206313 0.790992061684 0.789664321554 0.789687891009 0.787978256023 0.790412024972 0.792588599061 0.789243082228 0.789886224653 0.79000939587
1000000 0.790244754432 0.791990145576 0.792552076628 0.791528982891 0.789953019726 0.790846911011 0.790322852348 0.790877447786 0.790353640895 0.790918720633
4000000 0.791576415499 0.790758185354 0.79083372083 0.790507726396 0.790361047467 0.790409756993 0.790667039752 0.790664854307 0.791215188592 0.790868539872
7000000 0.790124867026 0.790575172435 0.791133404948 0.791284864368 0.791316146009 0.790495728734 0.791151426259 0.791147417557 0.791250362356 0.79015174542
10000000 0.790467750962 0.790897960678 0.790647018412 0.790934165883 0.789762189115 0.791132302633 0.791064478529 0.791129687847 0.791072138793 0.790877316393