#326651 326713
10 0.1 0.0 0.1 0.0 0.0 0.0 0.0 0.0 0.0 0.0
40 0.0714285714286 0.0434782608696 0.0434782608696 0.0714285714286 0.0 0.093023255814 0.0697674418605 0.0697674418605 0.05 0.05
70 0.0769230769231 0.0759493670886 0.0759493670886 0.16049382716 0.0512820512821 0.144736842105 0.0740740740741 0.0731707317073 0.0921052631579 0.0657894736842
100 0.145454545455 0.0892857142857 0.127272727273 0.131578947368 0.0810810810811 0.237288135593 0.0869565217391 0.0862068965517 0.194029850746 0.0869565217391
400 0.334959349593 0.324364723468 0.318392581144 0.317111459969 0.368088467615 0.368421052632 0.283307810107 0.349693251534 0.297058823529 0.353731343284
700 0.466666666667 0.482694684796 0.423784494087 0.470241988228 0.442119032047 0.490322580645 0.46358066712 0.451571520205 0.466850828729 0.476012461059
1000 0.582333333333 0.590893411521 0.506957502821 0.504708754796 0.529673590504 0.540163376447 0.534953271028 0.530590339893 0.52207223641 0.548672566372
4000 0.71411142741 0.758200262408 0.74166847506 0.745674903451 0.742694856422 0.758924189379 0.726976937063 0.727917262911 0.730959664449 0.737472433227
7000 0.76743628665 0.811165365316 0.79207732495 0.796073578219 0.77947314921 0.795164487605 0.799405663278 0.800302302836 0.791163015984 0.781932376582
10000 0.797701027087 0.807514411741 0.794984652488 0.814515458431 0.797305357511 0.798157359258 0.809246639644 0.796414627503 0.801097572927 0.801352554826
40000 0.842435237812 0.832624768946 0.840328645056 0.842957134197 0.846505370024 0.842476004684 0.841777142948 0.843264944664 0.846442614491 0.834538519622
70000 0.849208858017 0.843486121263 0.850032231773 0.855809642298 0.850543295117 0.844791084128 0.846791416482 0.848339864742 0.850589324499 0.849958329204
100000 0.84567952882 0.851114481837 0.860700797643 0.847367349294 0.850711497897 0.852142082393 0.850733491325 0.849686185991 0.849130372117 0.850434419369
400000 0.854275356861 0.854112101912 0.854998845704 0.852482745113 0.855306391236 0.852027797562 0.855165644539 0.853112202518 0.856008108202 0.853606045601
700000 0.854702357927 0.855877406591 0.85509967231 0.852294203537 0.852129870476 0.854011041079 0.853114600789 0.854643661547 0.855676357695 0.853423280692
1000000 0.854644820496 0.853718607865 0.856550425473 0.853374152215 0.853318440334 0.85282178436 0.854202365583 0.853819797909 0.855574406608 0.854911896341
4000000 0.854378945874 0.854339774171 0.854341126535 0.855159938043 0.855352125118 0.85472267767 0.854537768285 0.853960204292 0.854924706782 0.854920505851
7000000 0.854686029922 0.854596455609 0.854570729824 0.854700059799 0.854976912874 0.854573243283 0.854431083758 0.854924512332 0.854304664433 0.854287188036
10000000 0.854617998142 0.853981595206 0.854430101844 0.854555612703 0.854943901979 0.854350172226 0.854682352541 0.855163595312 0.854698447298 0.855017052832