#326650 326713
10 0.0 0.0 0.0 0.1 0.1 0.0 0.1 0.0 0.0 0.0
40 0.0227272727273 0.0714285714286 0.0851063829787 0.0 0.0232558139535 0.166666666667 0.047619047619 0.0714285714286 0.0714285714286 0.0238095238095
70 0.0126582278481 0.0379746835443 0.0759493670886 0.038961038961 0.0909090909091 0.164556962025 0.0769230769231 0.106666666667 0.189873417722 0.2
100 0.133333333333 0.169230769231 0.170731707317 0.162601626016 0.131147540984 0.110169491525 0.184210526316 0.165217391304 0.16935483871 0.171171171171
400 0.42799461642 0.332 0.3421875 0.338571428571 0.376327769347 0.361308677098 0.366136034732 0.364902506964 0.365356622999 0.358098068351
700 0.475352112676 0.519393939394 0.508939974457 0.489784649365 0.525522041763 0.467889908257 0.483910891089 0.519749216301 0.418082524272 0.487819732034
1000 0.534291312867 0.518022328549 0.629593495935 0.579285944033 0.573614416865 0.55925528106 0.540388007055 0.545020463847 0.533428165007 0.573671066714
4000 0.730818118789 0.753095931062 0.728498438831 0.769893976465 0.798197826791 0.754956890295 0.764490270286 0.756445890006 0.753809495793 0.742984602101
7000 0.816120240807 0.789117286555 0.788300778017 0.788150591264 0.779813122497 0.802001266361 0.793233498607 0.80216357491 0.786214988722 0.801546315696
10000 0.814938481663 0.80781187177 0.804581701621 0.831439621658 0.801809158536 0.824075040118 0.81579227413 0.829052749263 0.831601411221 0.81369153405
40000 0.853242730475 0.851348352515 0.842575791449 0.841817561095 0.850017571418 0.848229396185 0.853601795035 0.844624699618 0.84181577011 0.848316256991
70000 0.846846679017 0.840110695337 0.851756260296 0.850185083185 0.851427459922 0.851232070397 0.845221775311 0.851850129059 0.851480971596 0.848608564348
100000 0.854617738022 0.854880502595 0.855981387883 0.852227013484 0.852960504124 0.849953414538 0.855868754622 0.851462358924 0.850465109693 0.86074620777
400000 0.857286111496 0.856026185974 0.859367052063 0.855324272982 0.854098422031 0.85914316111 0.857636209798 0.858540651408 0.855811059261 0.85645771137
700000 0.858273026715 0.855864116384 0.857483957015 0.857219610053 0.856114138284 0.856914546627 0.856401171427 0.854067989655 0.857829628317 0.856056508366
1000000 0.856470629997 0.857960777661 0.857476941087 0.857459526398 0.857684680802 0.857274999282 0.857313403472 0.858214153495 0.858447563197 0.857939658522
4000000 0.857888900635 0.858060158489 0.856694295927 0.857876510845 0.857059088306 0.857678498246 0.856325680871 0.858265856002 0.857218248179 0.856896956481
7000000 0.85755051885 0.858610029442 0.857797155177 0.857821601813 0.856524328732 0.857956762156 0.857426767716 0.857283010496 0.857419894169 0.857199269919
10000000 0.857888543338 0.857472708175 0.857443871123 0.857445868714 0.857568562808 0.857275270452 0.857163914363 0.857871720962 0.857710406304 0.857969664544