#326650 326650
10 0.1 0.0909090909091 0.0 0.1 0.0 0.1 0.0 0.0 0.0 0.1
40 0.0975609756098 0.0952380952381 0.0217391304348 0.0227272727273 0.111111111111 0.116279069767 0.093023255814 0.093023255814 0.0681818181818 0.0731707317073
70 0.146666666667 0.0506329113924 0.102564102564 0.233333333333 0.0786516853933 0.125 0.132530120482 0.141025641026 0.153846153846 0.175
100 0.15652173913 0.177966101695 0.217391304348 0.15873015873 0.232 0.263565891473 0.275590551181 0.177966101695 0.214876033058 0.107142857143
400 0.47191011236 0.583034647551 0.506313131313 0.511053315995 0.490740740741 0.456608811749 0.512376237624 0.523338048091 0.507537688442 0.487977369165
700 0.611585365854 0.609035136642 0.58837485172 0.608193883439 0.608341810783 0.600586510264 0.584142394822 0.571014492754 0.58921623124 0.612970711297
1000 0.675328841835 0.685436320755 0.679158258864 0.7 0.699292089874 0.715618417093 0.691315292637 0.65308604439 0.645398773006 0.708488228005
4000 0.895751436347 0.892831044475 0.897330702119 0.906350175546 0.883584523528 0.895738380327 0.897444458713 0.897241780931 0.904003908761 0.910116103237
7000 0.937282437045 0.936281145951 0.945345484502 0.938221784491 0.946611999406 0.92685121425 0.936483127931 0.941045388099 0.942114180988 0.934782419078
10000 0.958190158679 0.951617338696 0.96102086766 0.961821639899 0.957596236099 0.952955128601 0.955411225401 0.955712562468 0.953568020497 0.95101975696
40000 0.988998288685 0.990326811518 0.989065451686 0.987274922457 0.988688710793 0.989805435904 0.988787434685 0.988248157548 0.990419132737 0.989262025022
70000 0.993050756056 0.993969332906 0.99379740745 0.994219598513 0.994415604665 0.993720969168 0.993715448882 0.993619707596 0.99329863125 0.993013665236
100000 0.995613402883 0.996059536082 0.995574339354 0.995660913843 0.994930345286 0.995938452764 0.995490940487 0.995454945152 0.995333475247 0.99535972859
400000 0.998865397128 0.99894486822 0.998855344553 0.998809666445 0.998714110135 0.998957996451 0.998852879637 0.998879411835 0.998792344818 0.998901288652
700000 0.999409200691 0.999369504714 0.999384351156 0.999384114264 0.999397064284 0.999322447447 0.999344612315 0.999377633332 0.999363429857 0.999366682154
1000000 0.999569612542 0.999575809729 0.999559624492 0.999582734172 0.999552809279 0.999612159028 0.999585361948 0.999563166475 0.999607474663 0.999486278085
4000000 0.999881299408 0.999884819033 0.999894507252 0.999900970317 0.999893637561 0.999880254673 0.999894672483 0.999895557472 0.999897045099 0.999883565088
7000000 0.999933281706 0.999935769041 0.999935027334 0.999935660383 0.999938160112 0.999943098472 0.999930872671 0.999939755098 0.999936437488 0.999941601436
10000000 0.999956450659 0.999954054724 0.999954465756 0.999957025691 0.999954117806 0.999957485918 0.999959141759 0.999956116012 0.999957240959 0.999952541392