#326651 326737
10 0.1 0.0 0.0 0.0 0.0 0.0 0.0 0.0 0.0 0.0
40 0.0 0.0444444444444 0.130434782609 0.0681818181818 0.0232558139535 0.0454545454545 0.0731707317073 0.05 0.0243902439024 0.0
70 0.1 0.0897435897436 0.125 0.142857142857 0.0675675675676 0.0759493670886 0.0864197530864 0.144736842105 0.142857142857 0.0759493670886
100 0.095652173913 0.0796460176991 0.137931034483 0.0701754385965 0.116071428571 0.2109375 0.133928571429 0.0948275862069 0.127118644068 0.101694915254
400 0.368271954674 0.320493066256 0.384730538922 0.305683563748 0.375917767988 0.352671755725 0.37223042836 0.295795795796 0.378917378917 0.326283987915
700 0.436199722607 0.464652956298 0.488387524884 0.488716956802 0.446048109966 0.414535666218 0.457273320287 0.440361057382 0.488808227465 0.439741750359
1000 0.512420156139 0.554281619491 0.560563380282 0.547576301616 0.543719639139 0.535740604274 0.535950110051 0.518624641834 0.546005301022 0.555431131019
4000 0.741820631255 0.740772890947 0.736481487438 0.760012447487 0.768321060852 0.734700236819 0.742114967813 0.755771567436 0.733905441455 0.705901997693
7000 0.788490528938 0.801415765203 0.775974807007 0.801160913019 0.80926956979 0.792511511875 0.812068871276 0.779272357372 0.776122080572 0.783935954957
10000 0.805955502734 0.803394952793 0.802390460499 0.803034143553 0.795994472108 0.791795775804 0.830402869757 0.808776407973 0.817157495956 0.829290530273
40000 0.844599647532 0.839061176323 0.841061943061 0.851483466694 0.838452844029 0.843657028963 0.850710440972 0.837432315014 0.843868955779 0.841484128251
70000 0.855385756897 0.855613856837 0.845383722021 0.850831991581 0.852909317834 0.851570925451 0.850826296134 0.84610434345 0.849363428047 0.856468522997
100000 0.848276484143 0.845477109803 0.856111777247 0.852028623461 0.851508226802 0.853025208073 0.844706753861 0.850993094211 0.852190632468 0.84930407285
400000 0.853874593352 0.855234914562 0.855854547438 0.853090608239 0.856107457758 0.853973525145 0.855806734284 0.854494075845 0.855852316461 0.853783179597
700000 0.856256738741 0.853870889572 0.854467115866 0.856038560275 0.853153824992 0.855695726964 0.855497392219 0.854153208992 0.854777368008 0.853623891677
1000000 0.854520934835 0.854016119759 0.85367570626 0.85364105811 0.853971387448 0.856299675747 0.85476249384 0.854780232288 0.855352798038 0.85556180666
4000000 0.855358804671 0.855237340967 0.856153576681 0.855671449898 0.855020057831 0.854527123037 0.855046444826 0.85595781125 0.855466265223 0.855769344288
7000000 0.855439952332 0.855517643649 0.855698480914 0.854829178986 0.85554136282 0.855559280705 0.854830293836 0.855052853401 0.855874553895 0.855931285896
10000000 0.855326884624 0.855801643726 0.855556361311 0.855315562053 0.855375129204 0.855695864228 0.855321057491 0.855597704853 0.855438665714 0.854975413952