#326650 326797
10 0.0 0.0 0.0 0.0 0.0 0.0 0.0 0.0 0.0 0.0
40 0.0714285714286 0.186046511628 0.0425531914894 0.025 0.121951219512 0.0 0.046511627907 0.0952380952381 0.133333333333 0.0
70 0.0975609756098 0.101265822785 0.175 0.134146341463 0.0131578947368 0.0481927710843 0.0779220779221 0.152941176471 0.12987012987 0.0493827160494
100 0.174603174603 0.099173553719 0.131147540984 0.125 0.115044247788 0.171875 0.119266055046 0.0940170940171 0.221374045802 0.157024793388
400 0.353482260184 0.447257383966 0.39470013947 0.411011523688 0.358189081225 0.431693989071 0.400541271989 0.417119565217 0.353785900783 0.413279132791
700 0.499109792285 0.449816079874 0.540044493882 0.460533478498 0.479772079772 0.509237875289 0.499727817093 0.452797202797 0.459718309859 0.5
1000 0.590702210663 0.544506031953 0.559665487295 0.55842519685 0.557796990074 0.532805802835 0.552692434754 0.622379687039 0.563142194233 0.542730999685
4000 0.733576928096 0.73373478204 0.756863053567 0.742629122919 0.742708749501 0.72767881025 0.758275033935 0.708808643432 0.727018797655 0.730601437398
7000 0.790136300319 0.775471881948 0.766001766867 0.76795803067 0.764270489518 0.772617215276 0.757776144991 0.782320617701 0.760151435112 0.795170947106
10000 0.783852096268 0.781021702481 0.784095761833 0.789877596895 0.784084058221 0.780615757748 0.799960988296 0.789157996602 0.782431616188 0.782110228953
40000 0.816749740383 0.81654443492 0.809766750414 0.815212537528 0.818521596824 0.816833177769 0.822188228048 0.823285320458 0.809969142054 0.821790716868
70000 0.820319960934 0.828762921263 0.823635327347 0.82080072029 0.819525615561 0.825866557297 0.822254662656 0.828233521868 0.820534337728 0.82145778369
100000 0.822760942668 0.82566346603 0.822378923691 0.823008784616 0.827047132803 0.824109837463 0.825047267523 0.823926933115 0.822135644887 0.82211039171
400000 0.825522430997 0.827340907476 0.825081943819 0.825143543856 0.824945445284 0.824792373641 0.826451134007 0.825368380101 0.827646218457 0.823483850263
700000 0.82638844064 0.825157915532 0.82446458927 0.826479527788 0.82732342878 0.827277975078 0.827959764048 0.824707816692 0.828177191519 0.826703411929
1000000 0.827526058065 0.827239973577 0.827747647207 0.827535647706 0.827067097264 0.827648226426 0.824997163653 0.82746187002 0.825868009948 0.826371248728
4000000 0.826930405244 0.827029106887 0.826905742203 0.826551090358 0.82694974053 0.827478413383 0.826738969391 0.826646414628 0.827126116999 0.82723624506
7000000 0.827400381935 0.827051545572 0.826981687673 0.827546384203 0.826752056784 0.826988076903 0.826965568963 0.826982726051 0.827467369822 0.827151816325
10000000 0.826693730842 0.826897534729 0.826945438021 0.827241417235 0.827178742873 0.827109812255 0.826708414951 0.827089249632 0.826546339431 0.826938445191