#326650 326780
10 0.0 0.0 0.0 0.0 0.0 0.0 0.0 0.0 0.0 0.0
40 0.0 0.0232558139535 0.0833333333333 0.0714285714286 0.0243902439024 0.121951219512 0.0444444444444 0.0238095238095 0.0975609756098 0.0714285714286
70 0.103896103896 0.0853658536585 0.10843373494 0.1 0.172839506173 0.075 0.0897435897436 0.0987654320988 0.16049382716 0.0481927710843
100 0.0808823529412 0.215384615385 0.175572519084 0.174242424242 0.1640625 0.1796875 0.115702479339 0.16393442623 0.0990990990991 0.142857142857
400 0.438442211055 0.404825737265 0.407557354926 0.433701657459 0.376033057851 0.451169188446 0.458776595745 0.396957123098 0.412171507607 0.401055408971
700 0.490952955368 0.539066891512 0.556494192186 0.56361667569 0.476630434783 0.56735340729 0.497714285714 0.519294377067 0.550132625995 0.488747836122
1000 0.599624648108 0.587795393359 0.620076238882 0.573428656539 0.572507077697 0.597047062442 0.590882002384 0.569264752288 0.625867507886 0.571249608519
4000 0.769871978599 0.755197241659 0.782253328113 0.787258392675 0.775495345572 0.779285970394 0.757915947035 0.764453908436 0.764251326997 0.77676646106
7000 0.811044298655 0.808100782462 0.80162085976 0.808313611589 0.801571423686 0.805307863109 0.801941298821 0.801041914539 0.80573323657 0.797622802354
10000 0.813701409654 0.834197445766 0.815844209076 0.830717542597 0.829148591777 0.826129968629 0.827564334904 0.816975270604 0.822024079819 0.828478308594
40000 0.848178647626 0.851588760003 0.84575327175 0.850081627541 0.841397510049 0.852089016717 0.847528076658 0.841611704041 0.846344346774 0.847830214825
70000 0.848720579512 0.852008124675 0.850918300589 0.854578176552 0.850077156788 0.849517032117 0.856879333214 0.854278312556 0.85776386096 0.853348236594
100000 0.854783949448 0.857198002031 0.851224942518 0.855161660735 0.851690941642 0.855582382432 0.854653628286 0.858956641968 0.851032421749 0.854817784221
400000 0.858802127213 0.858853493868 0.857619683458 0.855667929402 0.858065355251 0.859277938095 0.856594029552 0.856994561931 0.856131368446 0.857661735702
700000 0.8578248403 0.856209189425 0.85576642395 0.857286825239 0.857349941357 0.858353217043 0.855731147055 0.856003611202 0.855789521926 0.859235895723
1000000 0.856491625477 0.857806503623 0.857150517904 0.858101176645 0.857228588854 0.859539891891 0.858331173372 0.856551021137 0.856637944982 0.857229060658
4000000 0.858128319244 0.858785530901 0.857732460522 0.858086172362 0.8579593462 0.857649691856 0.858210913419 0.857823685459 0.857847768119 0.857582025104
7000000 0.858331122288 0.859176280613 0.858064761381 0.858214591331 0.858104382796 0.857569456744 0.858075828152 0.857919159047 0.857598020627 0.857828512427
10000000 0.858061833844 0.857497978624 0.858182135454 0.858402417937 0.858386403789 0.858491439813 0.858214179026 0.858172664844 0.858118896414 0.858435214716