#326650 327059
10 0.0 0.0 0.0 0.0 0.0 0.0 0.0 0.0 0.0 0.0
40 0.0243902439024 0.108695652174 0.05 0.0444444444444 0.0487804878049 0.139534883721 0.111111111111 0.0232558139535 0.136363636364 0.119047619048
70 0.182926829268 0.138888888889 0.109589041096 0.0921052631579 0.220930232558 0.0909090909091 0.175 0.175 0.113924050633 0.220779220779
100 0.142857142857 0.0990990990991 0.135593220339 0.177419354839 0.16 0.153846153846 0.176 0.134920634921 0.22131147541 0.0737704918033
400 0.3828125 0.34585492228 0.503176620076 0.35261707989 0.364973262032 0.411111111111 0.367688022284 0.399122807018 0.397540983607 0.331896551724
700 0.556695156695 0.554682779456 0.540749553837 0.549222797927 0.52389380531 0.574780058651 0.518459069021 0.591208791209 0.550228310502 0.536529680365
1000 0.59 0.617580278949 0.606614173228 0.618037135279 0.647989870212 0.636719927645 0.632446987546 0.57769712966 0.570736769284 0.586956521739
4000 0.836826037462 0.783884797186 0.776790220378 0.803553877192 0.808709261141 0.799060085495 0.816389335222 0.796332989144 0.805754385965 0.783480778938
7000 0.852582080622 0.828033611479 0.840933095386 0.835341706268 0.849495953429 0.838586385041 0.853468954278 0.847108441931 0.841214489155 0.847279948277
10000 0.855625641646 0.869173053881 0.851350776431 0.854927347667 0.858691476313 0.851645896201 0.846518625559 0.847271232472 0.853295098863 0.842570090412
40000 0.885101481712 0.883970789028 0.886648085409 0.886684055514 0.885955949719 0.884150067693 0.895037795736 0.88452063329 0.886961496844 0.890834290577
70000 0.890836232643 0.893183435122 0.891074550419 0.890584893471 0.892438309715 0.89620905316 0.887800254079 0.896813415404 0.895729576926 0.892468732441
100000 0.89315967947 0.892553168837 0.891660308567 0.889671187601 0.890836821396 0.896135765556 0.892699285334 0.893925782494 0.893291600419 0.890358623342
400000 0.897159778453 0.896113065438 0.897635546355 0.896445614232 0.896805011407 0.896046938432 0.896147518553 0.896897143987 0.895084033731 0.896018665718
700000 0.895028383295 0.896743426133 0.897708489605 0.897878828102 0.897516438791 0.897417243136 0.896953692061 0.896227104346 0.896411224004 0.895991481048
1000000 0.896889113712 0.897732567005 0.897179933112 0.898435101015 0.896928839842 0.898620019117 0.897485691544 0.898191425668 0.898859306345 0.898370563519
4000000 0.897434191006 0.89807568901 0.897554621933 0.897604499975 0.898166556191 0.897724031749 0.897436104167 0.897931821586 0.897646249209 0.89723649807
7000000 0.897935113492 0.897810381011 0.897919738412 0.897709000923 0.897974695703 0.898160237303 0.897883919455 0.897738488152 0.898156026397 0.897556820514
10000000 0.897708982897 0.897718103773 0.897607965733 0.89808433455 0.897813075969 0.89774656789 0.897947018302 0.897642256235 0.897877830641 0.898179590775