#326650 D103
10 0.0 0.0 0.0 0.0 0.1 0.0 0.0 0.0 0.0 0.0
40 0.116279069767 0.0487804878049 0.0681818181818 0.046511627907 0.0697674418605 0.047619047619 0.0731707317073 0.0243902439024 0.1 0.0697674418605
70 0.04 0.0512820512821 0.135802469136 0.0375 0.0769230769231 0.126582278481 0.12987012987 0.075 0.168674698795 0.166666666667
100 0.108333333333 0.152542372881 0.251798561151 0.151260504202 0.134920634921 0.123076923077 0.0944881889764 0.19298245614 0.196581196581 0.099173553719
400 0.321688500728 0.316844919786 0.353801169591 0.315263908702 0.396870554765 0.384505021521 0.327407407407 0.408759124088 0.352011494253 0.361481481481
700 0.462344466274 0.470879801735 0.513983840895 0.516656571775 0.486518171161 0.482801751094 0.456922162805 0.478287841191 0.49278091651 0.499695307739
1000 0.576871657754 0.562634656817 0.567185289958 0.536749831423 0.534494306765 0.539354370693 0.551841746248 0.523087293563 0.5650815689 0.539469148569
4000 0.742823390431 0.753961850977 0.728913620699 0.738074536024 0.73634023634 0.769527742862 0.768830382811 0.773720666388 0.747725106162 0.749265256728
7000 0.779693816553 0.80962229013 0.760313988675 0.795822386234 0.808494806383 0.818568933263 0.795549278646 0.774494992446 0.791232159653 0.801366884126
10000 0.795624934791 0.800209162946 0.811163041084 0.782768859702 0.811070327866 0.796100966756 0.81563410617 0.799114850446 0.800369845407 0.799122292246
40000 0.846462867942 0.84855768118 0.838998979993 0.84191949859 0.847261484245 0.845206825073 0.837531181388 0.842913554693 0.835636471995 0.843419448549
70000 0.845410952282 0.844902579928 0.84635546711 0.851146046467 0.8408178132 0.849053996892 0.849150790727 0.842287577681 0.843397728322 0.844109540129
100000 0.849622412166 0.845139373769 0.846374523071 0.842704700837 0.843619506365 0.846082456529 0.84769633197 0.841926795557 0.851746018036 0.848684094903
400000 0.849568493485 0.851756647564 0.852485882765 0.849650841 0.849388797225 0.851203727926 0.848663071832 0.849802104705 0.85132330437 0.849094057144
700000 0.850923169709 0.852515335445 0.853532341057 0.850841728578 0.848711617118 0.850883748149 0.850553658744 0.850191984258 0.84978254066 0.849851585196
1000000 0.851574584928 0.851584914115 0.853895237536 0.853509543788 0.8519677195 0.849411574721 0.852884336807 0.851628940894 0.851600633102 0.851530299298
4000000 0.851412365539 0.852343006758 0.852442144748 0.851561986768 0.851749549164 0.851298724546 0.852016301794 0.85193257464 0.851181541622 0.85113654016
7000000 0.852034166978 0.852065121279 0.852028187914 0.852105304303 0.851374102524 0.851512549519 0.851675760618 0.851475016779 0.852373766518 0.852104982867
10000000 0.852109573149 0.852234414277 0.85227085015 0.851802571342 0.852843782931 0.851820657332 0.851908048127 0.852345627963 0.852093809051 0.851906212695