#326650 326737
10 0.0 0.0 0.0 0.0 0.1 0.0 0.0 0.0 0.0 0.1
40 0.166666666667 0.102040816327 0.0487804878049 0.0697674418605 0.119047619048 0.0 0.046511627907 0.0 0.047619047619 0.0731707317073
70 0.0731707317073 0.111111111111 0.118421052632 0.1 0.116883116883 0.0493827160494 0.102564102564 0.125 0.109756097561 0.0519480519481
100 0.114754098361 0.126984126984 0.0973451327434 0.114035087719 0.146551724138 0.127272727273 0.0803571428571 0.208 0.245901639344 0.222222222222
400 0.349570200573 0.43503649635 0.410998552822 0.404591104735 0.403458213256 0.385507246377 0.426553672316 0.415545590433 0.378766140603 0.306318681319
700 0.508379888268 0.47488317757 0.47701863354 0.502951593861 0.528151774786 0.540488431877 0.443968156767 0.44351732991 0.466346153846 0.467343056436
1000 0.557948717949 0.536793458941 0.510563380282 0.542461005199 0.545208262784 0.582176771366 0.585293143425 0.552380952381 0.534142114385 0.497224149896
4000 0.753348625152 0.767215810648 0.748412056819 0.751403103334 0.767306766193 0.742003837013 0.770803047043 0.754778621579 0.72283078697 0.721149232246
7000 0.800067051886 0.798378985979 0.810480243407 0.791190135811 0.788584907523 0.803246824082 0.80438409114 0.799273633475 0.785155893536 0.801263505934
10000 0.810139028977 0.809273858298 0.815481064355 0.805020170327 0.815141311907 0.799048424198 0.808992524275 0.811698617655 0.808594653944 0.813460761748
40000 0.831687435591 0.839866994329 0.839348157767 0.834113585098 0.840492979412 0.843398597698 0.834896910376 0.83550155424 0.83560946134 0.834498101078
70000 0.846556314708 0.841160471365 0.848509611936 0.841890845617 0.848028551486 0.848525717827 0.842112132389 0.848724501239 0.841947147604 0.840772545226
100000 0.845351678532 0.846980670508 0.843993625607 0.843209905965 0.842770516118 0.843157865191 0.848220021563 0.84624220711 0.839776896048 0.842811300346
400000 0.84833248532 0.848562165138 0.846370149904 0.847731793062 0.848914268044 0.848821418945 0.848062658731 0.849462122005 0.850200102413 0.847565428812
700000 0.848867424037 0.849788899473 0.847388238668 0.848652834174 0.847441198867 0.847228832203 0.847616089587 0.848658526806 0.848409838683 0.847943817302
1000000 0.848811037727 0.848569915167 0.849048519691 0.848408981938 0.850142144826 0.84805173942 0.848046114757 0.848401471797 0.848847280996 0.847992806155
4000000 0.849127352426 0.849458567681 0.848676283759 0.849458288863 0.848474740609 0.849233576356 0.84837704429 0.849377532221 0.848647301844 0.84941648981
7000000 0.849206998134 0.8489165139 0.849400743691 0.849427758317 0.849491998084 0.849804314286 0.849069402293 0.84941477061 0.849418358769 0.84881504116
10000000 0.849372066286 0.849132950145 0.84929763208 0.849018849955 0.849423151165 0.849172355618 0.849023087014 0.848581396492 0.849137138591 0.84917930107