#326651 327059
10 0.0 0.0 0.0 0.1 0.0 0.0 0.0 0.0909090909091 0.0 0.0
40 0.047619047619 0.0 0.0217391304348 0.0851063829787 0.0714285714286 0.0666666666667 0.046511627907 0.0731707317073 0.0 0.047619047619
70 0.0897435897436 0.0405405405405 0.113924050633 0.075 0.0487804878049 0.175675675676 0.113924050633 0.0933333333333 0.118421052632 0.157894736842
100 0.130081300813 0.131578947368 0.0924369747899 0.0983606557377 0.135135135135 0.0677966101695 0.184 0.126126126126 0.162393162393 0.120689655172
400 0.389880952381 0.337662337662 0.342261904762 0.351617440225 0.3328125 0.289580514208 0.303892215569 0.396113602392 0.359877488515 0.331436699858
700 0.48271446863 0.469235550031 0.500864553314 0.482697947214 0.426918392205 0.45822622108 0.453237410072 0.472 0.448298008992 0.472427515634
1000 0.539653929344 0.528361344538 0.552255639098 0.578873732074 0.554073033708 0.59413202934 0.5167163191 0.520788530466 0.525040387722 0.595024187975
4000 0.693373804479 0.6987744884 0.710515560227 0.7216678338 0.717753182398 0.70966793141 0.732192223987 0.745590171128 0.687588539709 0.712050689168
7000 0.72783010577 0.767118452633 0.751742469589 0.729350408763 0.774904559533 0.753695596189 0.765712450237 0.753333003415 0.779247656535 0.763308772004
10000 0.763569746671 0.770204891765 0.774168516691 0.761819873647 0.76098408597 0.764280892334 0.771115512077 0.759329067093 0.787694131471 0.771145938676
40000 0.801585025051 0.796610186279 0.796253056608 0.797496964017 0.79720948695 0.806851919695 0.822340171341 0.798725015947 0.798792702451 0.809697932263
70000 0.807401704413 0.812848686367 0.803483347674 0.800001350609 0.801183625583 0.819213993951 0.806525376713 0.804540929929 0.808663292162 0.813763513204
100000 0.806805504387 0.814756187372 0.813266084391 0.803371580946 0.810634631799 0.811059105412 0.810213671762 0.807707455388 0.811014221275 0.816828564245
400000 0.812992946758 0.812994376365 0.813380024073 0.812235686513 0.813041986775 0.814367219303 0.814062204434 0.813053677532 0.814271070094 0.813839085543
700000 0.811951041624 0.81473476467 0.812217626468 0.814337269046 0.814181471128 0.815006067463 0.811138651061 0.813406590776 0.812927755991 0.812115019549
1000000 0.814425353165 0.814826576638 0.813401691782 0.81344984874 0.814225057483 0.814130578493 0.813621095291 0.81277251843 0.811619992143 0.812601702925
4000000 0.813525439959 0.814325149078 0.813020548914 0.814100711599 0.813940188225 0.814518005014 0.814225022265 0.813403500215 0.813141745092 0.814190944826
7000000 0.814229134545 0.813854737516 0.814491600641 0.813296835836 0.814164262191 0.813760062517 0.814230779585 0.814127143417 0.813444141813 0.814148366453
10000000 0.814213811074 0.814226079028 0.813309410434 0.814077335942 0.813505498803 0.813496384255 0.813548032834 0.813938546625 0.814039031988 0.813760086987