#326780 326780
10 0.0 0.0 0.0 0.0 0.1 0.0 0.0 0.0 0.0 0.0
40 0.0681818181818 0.047619047619 0.0952380952381 0.0681818181818 0.093023255814 0.119047619048 0.0434782608696 0.0487804878049 0.0416666666667 0.130434782609
70 0.164705882353 0.189189189189 0.179487179487 0.16091954023 0.0843373493976 0.231707317073 0.20253164557 0.171052631579 0.121951219512 0.0886075949367
100 0.168067226891 0.196581196581 0.219512195122 0.2 0.194915254237 0.256198347107 0.196581196581 0.166666666667 0.148148148148 0.206896551724
400 0.531942633638 0.511904761905 0.532536520584 0.536159600998 0.489247311828 0.476829268293 0.518728717367 0.431345353675 0.520421607378 0.492443324937
700 0.614893617021 0.580901856764 0.684353004873 0.628919860627 0.630410654828 0.642347778387 0.61014084507 0.595250659631 0.597802197802 0.557219892151
1000 0.730131004367 0.693361119381 0.702776930119 0.6355754858 0.65552238806 0.684444444444 0.692 0.678455643973 0.670129052565 0.704324801412
4000 0.90434249264 0.902461530788 0.902622966371 0.905557743428 0.906418149207 0.897637795276 0.895151665838 0.896875824202 0.903883916048 0.902126184423
7000 0.945989499843 0.934251678579 0.933584296854 0.944468832309 0.941223945251 0.937359217291 0.942019265432 0.945991232673 0.922927953325 0.945011270613
10000 0.956014660398 0.961634562868 0.960371160356 0.95625077746 0.955486717978 0.956981459395 0.957518241453 0.95848197375 0.959435118705 0.954547405468
40000 0.989405702933 0.989048375659 0.988995465341 0.988794521104 0.990484412528 0.989712523596 0.989880425346 0.98973560665 0.99001695886 0.990328901097
70000 0.994366604816 0.994002650643 0.994180666675 0.993805260375 0.993394458062 0.993583835972 0.99410333824 0.993769721804 0.993671909054 0.993858953551
100000 0.995712768187 0.995767607903 0.99584579215 0.995547255818 0.99511590969 0.995884095681 0.995009871855 0.995803533012 0.99546755303 0.995628105282
400000 0.998756587646 0.998893783928 0.999001374406 0.998863632042 0.998825205166 0.998892110112 0.998836185731 0.998849355141 0.998988440578 0.99886474398
700000 0.999390548535 0.99940297831 0.999401546906 0.999429801717 0.999307340233 0.999393407944 0.999331618122 0.999354787479 0.999416267318 0.99942599014
1000000 0.999599565022 0.99955722449 0.999609723229 0.999538461874 0.999583504746 0.999602587855 0.999596386609 0.999528457821 0.999577868649 0.999547266432
4000000 0.999888663902 0.99989179229 0.999891855998 0.999891794122 0.999893242758 0.999885203423 0.999894379057 0.999906131849 0.999894475961 0.999890580388
7000000 0.999935587089 0.999925951784 0.999937016115 0.999942477004 0.999935584177 0.999941745729 0.999938859562 0.999941524558 0.999944595943 0.999937277455
10000000 0.999957809517 0.999951787377 0.99995454341 0.999953450737 0.999959969169 0.99995637997 0.999955201731 0.999958254032 0.999955760082 0.999957869944