#326713 326780
10 0.0 0.0 0.1 0.0 0.0 0.272727272727 0.0 0.0 0.0 0.0
40 0.0952380952381 0.0697674418605 0.0222222222222 0.0731707317073 0.047619047619 0.121951219512 0.046511627907 0.0222222222222 0.0697674418605 0.0
70 0.0853658536585 0.0379746835443 0.142857142857 0.179487179487 0.0933333333333 0.175 0.0649350649351 0.209302325581 0.113924050633 0.0526315789474
100 0.184615384615 0.179487179487 0.126126126126 0.172413793103 0.180327868852 0.152 0.169491525424 0.157024793388 0.160714285714 0.108333333333
400 0.415827338129 0.389037433155 0.32946298984 0.417404129794 0.471128608924 0.360869565217 0.367534456355 0.404899135447 0.410364145658 0.368131868132
700 0.557108140948 0.548984468339 0.5141536684 0.504117647059 0.536144578313 0.490706319703 0.503667481663 0.583995113012 0.541273584906 0.513142174432
1000 0.613915416098 0.605769230769 0.611148878314 0.580962416579 0.590068493151 0.581231079717 0.572212692967 0.530735639906 0.580316344464 0.598901098901
4000 0.796371661126 0.800749393873 0.793867937833 0.777120969931 0.771511513204 0.77134386156 0.785832734509 0.796991210277 0.801631193788 0.785945310203
7000 0.827278744327 0.820452150399 0.827428492741 0.8261755052 0.80570567295 0.829519273586 0.805278763428 0.821296388917 0.817298889464 0.82379844733
10000 0.838091021253 0.85875249501 0.829954932399 0.846649553322 0.845284661018 0.847810577869 0.833145031522 0.845827012079 0.837016256293 0.847649496625
40000 0.87108435478 0.872996627736 0.878020266367 0.868800764761 0.868461313449 0.870068267639 0.87255486245 0.869991503233 0.875038850417 0.876921213984
70000 0.874903050915 0.877560758123 0.873692158478 0.874117243928 0.875312703522 0.880909827159 0.881627509386 0.878629448942 0.875121810529 0.872675968122
100000 0.880450390322 0.878460721832 0.880845961229 0.879122472747 0.879225041449 0.880865591357 0.876529757246 0.874559176593 0.880218438124 0.874846029833
400000 0.882927075076 0.882942998037 0.881985694884 0.884096884617 0.881115845072 0.882547173171 0.883725618172 0.882333202524 0.882049200894 0.882820559183
700000 0.882403758423 0.882623155467 0.882414672125 0.882873318728 0.882792223066 0.883162601826 0.883055485131 0.882831673595 0.883051300248 0.882734926996
1000000 0.882433006412 0.882781146459 0.883270042082 0.883465184031 0.882550579618 0.882994372116 0.884482047382 0.883060632572 0.882991098959 0.883403323401
4000000 0.883345276612 0.882920557455 0.883863412594 0.883186451578 0.883547034914 0.883644691302 0.883351454039 0.883851804895 0.883314995389 0.883872737511
7000000 0.883733709913 0.883450516933 0.883666327063 0.883682294809 0.883381933486 0.8828796884 0.883175444247 0.883107017131 0.884079068655 0.883059110935
10000000 0.883444053672 0.883250895952 0.883374071944 0.883236735448 0.883480679567 0.883206429119 0.88340215726 0.883296416428 0.882920725397 0.883585639425