#326780 326797
10 0.0 0.1 0.1 0.0 0.1 0.0 0.0 0.0 0.0 0.0
40 0.0714285714286 0.0243902439024 0.093023255814 0.0 0.047619047619 0.0238095238095 0.0 0.0681818181818 0.113636363636 0.166666666667
70 0.105263157895 0.102564102564 0.147727272727 0.132530120482 0.175 0.0909090909091 0.113924050633 0.0240963855422 0.1375 0.0481927710843
100 0.185840707965 0.138211382114 0.153153153153 0.113043478261 0.159663865546 0.16935483871 0.186991869919 0.102941176471 0.231404958678 0.150793650794
400 0.38688085676 0.44756097561 0.413014608234 0.451371571072 0.418867924528 0.364396654719 0.352168199737 0.379128137384 0.381578947368 0.407258064516
700 0.438586651711 0.515151515152 0.514170040486 0.533108866442 0.499147242752 0.53161723559 0.520110192837 0.550660792952 0.544311377246 0.519122896481
1000 0.509118541033 0.584222437763 0.541931385006 0.55293062201 0.577030812325 0.561852528946 0.595254010695 0.571469907407 0.567405063291 0.568045363576
4000 0.749164223628 0.761148153402 0.73286282754 0.76439666728 0.735194316314 0.703676964824 0.762421257045 0.728321378867 0.769049882424 0.756552520586
7000 0.785383534798 0.746303112339 0.761033712645 0.772596463953 0.76558029046 0.775242608703 0.795826898543 0.781818030008 0.759516840642 0.767168605978
10000 0.780369044869 0.782717014957 0.794513477593 0.782283152237 0.782262162219 0.800713343724 0.788564896176 0.792656060883 0.800770537341 0.795832878804
40000 0.811726873939 0.820358060426 0.820811967353 0.820491458137 0.823889271739 0.821743588482 0.816947593094 0.812607657448 0.814704441576 0.807497954464
70000 0.821995995229 0.82202877287 0.822653433179 0.818628436272 0.820920034649 0.813230274726 0.820605772104 0.817000411966 0.826539346872 0.817490673745
100000 0.821752431253 0.820265080012 0.82209698907 0.816097974286 0.813593851592 0.825537325956 0.822656905737 0.823854648747 0.817212891351 0.821259490379
400000 0.825194677702 0.824409450933 0.823060376694 0.820857628548 0.824144241476 0.825316133922 0.825694133194 0.823868869632 0.825790695101 0.825787893871
700000 0.823618710693 0.82487729103 0.825331727635 0.823189007606 0.824847253206 0.825585538269 0.825189168723 0.825592198475 0.825370559568 0.824951638025
1000000 0.825116137131 0.825337677505 0.823586869887 0.82505088609 0.825594494707 0.824797470311 0.824007761124 0.826578104968 0.82471026766 0.823776555225
4000000 0.825930406256 0.825292610595 0.82545538053 0.825246438296 0.825700362302 0.825125904894 0.825680053908 0.825525532893 0.825870277077 0.825017300872
7000000 0.825589150803 0.825181975695 0.825344783361 0.825955262818 0.825793973118 0.825666500866 0.82529612583 0.825340758429 0.825319116516 0.82493960988
10000000 0.825402869551 0.825407951912 0.825101342544 0.825793535029 0.825345950425 0.824904825767 0.825545354792 0.825307932395 0.825693801534 0.82504686987