#326797 326907
10 0.0 0.0 0.0 0.0 0.1 0.0 0.1 0.0 0.0 0.0909090909091
40 0.125 0.0444444444444 0.0697674418605 0.139534883721 0.162790697674 0.0888888888889 0.106382978723 0.047619047619 0.0681818181818 0.142857142857
70 0.177215189873 0.0365853658537 0.103896103896 0.0987654320988 0.103896103896 0.101123595506 0.075 0.0625 0.041095890411 0.0588235294118
100 0.128 0.118181818182 0.133333333333 0.16935483871 0.130081300813 0.173553719008 0.227642276423 0.0593220338983 0.126126126126 0.198529411765
400 0.394144144144 0.394566623545 0.376288659794 0.438839848676 0.410052910053 0.462940461725 0.38500635324 0.478612716763 0.461822660099 0.441700960219
700 0.585425898572 0.568371607516 0.568356374808 0.555663587749 0.504012841091 0.549461814454 0.548033847685 0.543904958678 0.546131805158 0.555555555556
1000 0.581271091114 0.633513821602 0.604990708787 0.612117780294 0.574307304786 0.573087228342 0.598700649675 0.586375395229 0.624053581829 0.610974106042
4000 0.758453886858 0.752188897168 0.771369146129 0.76359079517 0.761965567346 0.752370866028 0.732040546496 0.74449349078 0.755365600092 0.759868643019
7000 0.773755757612 0.806248394845 0.817680752188 0.785117123429 0.799397344308 0.806971160927 0.792939161574 0.786852740975 0.800841295407 0.789673666717
10000 0.809002653718 0.806068829037 0.816240914612 0.806023286794 0.815441697747 0.798833231985 0.790393825796 0.801642195829 0.806539509537 0.777219373089
40000 0.828710523607 0.827290875468 0.823144692688 0.823228562665 0.827948114462 0.820982978988 0.825332446858 0.827699295018 0.826156491625 0.827954721278
70000 0.832213661504 0.827378414339 0.830818592849 0.828694141384 0.837396725021 0.829261189237 0.83097294313 0.828331997714 0.828995837635 0.832939420146
100000 0.827103666127 0.829425609177 0.825596880626 0.823067595666 0.834019365457 0.832075120887 0.828080073615 0.830772457734 0.833994741413 0.828913963049
400000 0.833983166194 0.832940211995 0.834541872003 0.834707903358 0.830282078039 0.834696860675 0.835357239733 0.831605096184 0.833349828593 0.832300749041
700000 0.831347859645 0.834421964274 0.832658918136 0.83384672667 0.834563317825 0.83367943778 0.834178197733 0.834117965978 0.83425235673 0.833220235788
1000000 0.83452151895 0.834703903709 0.835611385338 0.833518137805 0.834628773957 0.833389492568 0.835011190085 0.832827990943 0.834490529139 0.835212317283
4000000 0.834651964103 0.833035244442 0.834775044295 0.834076527997 0.833465241296 0.834712869471 0.833794019832 0.83423907702 0.833511082121 0.834812693806
7000000 0.834503172571 0.834331950156 0.834051037426 0.834371705429 0.833835106829 0.834468150349 0.833656816721 0.834026821533 0.83477402737 0.833978058633
10000000 0.834403392338 0.834762139223 0.834140965916 0.833934706968 0.834199769636 0.833738808447 0.834209718153 0.834346207276 0.833842572719 0.834004216416