#326737 326907
10 0.1 0.1 0.0 0.0 0.1 0.0 0.0 0.0 0.0 0.0
40 0.0952380952381 0.170731707317 0.0454545454545 0.111111111111 0.0731707317073 0.0666666666667 0.102040816327 0.0681818181818 0.0681818181818 0.0
70 0.10843373494 0.101265822785 0.0365853658537 0.0487804878049 0.111111111111 0.168831168831 0.101265822785 0.0789473684211 0.111111111111 0.1
100 0.16814159292 0.132231404959 0.17094017094 0.1 0.1 0.145299145299 0.0916666666667 0.0982142857143 0.12030075188 0.0900900900901
400 0.385185185185 0.428753180662 0.400556328234 0.430107526882 0.424657534247 0.382165605096 0.44125 0.419437340153 0.360054347826 0.39601494396
700 0.422448979592 0.511640498105 0.454448017149 0.475208913649 0.500566893424 0.47307051638 0.472100656455 0.517836593786 0.513110846246 0.463848720801
1000 0.547519426181 0.553049555273 0.537457258315 0.577720207254 0.569449138222 0.524531956101 0.53859348199 0.608380592313 0.601261829653 0.53417721519
4000 0.724358318847 0.69711291231 0.70748482475 0.714162709388 0.74737888434 0.761832919938 0.720896273917 0.747704132561 0.738176342812 0.742431192661
7000 0.729631578054 0.732786790314 0.75511396844 0.791772846246 0.752872840655 0.738773989193 0.758359436996 0.774939401181 0.774671745617 0.762404659779
10000 0.763598264988 0.767931417549 0.792421281486 0.790764637819 0.764514303732 0.759495880028 0.782954178081 0.767385925776 0.788956203885 0.757341438531
40000 0.806785518137 0.796889503222 0.80358734706 0.796752472888 0.797682443393 0.785027303077 0.804809563525 0.798342168055 0.794469362234 0.798166797651
70000 0.793378648493 0.800065710485 0.802381540892 0.812673740184 0.807278732707 0.809978033338 0.795511457982 0.80192573526 0.794197393725 0.799515729834
100000 0.800102651945 0.808948354172 0.80067862882 0.801347950762 0.799426699279 0.806938856426 0.805216209138 0.803929606158 0.806679123659 0.80270963959
400000 0.806893281844 0.808482783254 0.805679172668 0.805522996786 0.806337275394 0.809121438282 0.804204016588 0.807292169 0.808128301406 0.802397596573
700000 0.810073921056 0.80780289885 0.807918178375 0.807618708054 0.809198547298 0.807295130327 0.805361470187 0.807061183388 0.804801767959 0.809772574159
1000000 0.807928342084 0.809726898587 0.80917979287 0.808332543055 0.805708293275 0.80883938261 0.807306790988 0.807066831916 0.808840396588 0.806968635024
4000000 0.807063615752 0.806790156031 0.807968519726 0.808373226575 0.806855061254 0.808092354734 0.807737141203 0.806381861827 0.807644346835 0.807782735811
7000000 0.807688963683 0.807781091005 0.807452352386 0.807693902766 0.807216047705 0.80870951858 0.807088091225 0.807955807464 0.807339568872 0.808006695733
10000000 0.807204879572 0.807235339698 0.807732984101 0.806973121845 0.807340295684 0.806587630642 0.807144864547 0.808198115807 0.807503655044 0.807639964717