#326780 327059
10 0.1 0.0 0.0 0.0 0.0 0.0 0.0 0.0 0.0 0.0
40 0.0975609756098 0.162790697674 0.139534883721 0.116279069767 0.0 0.0952380952381 0.025 0.0 0.130434782609 0.0952380952381
70 0.111111111111 0.128205128205 0.104651162791 0.126582278481 0.0945945945946 0.0952380952381 0.1 0.142857142857 0.1375 0.0864197530864
100 0.21186440678 0.0416666666667 0.184210526316 0.1171875 0.126050420168 0.118644067797 0.169491525424 0.152542372881 0.119658119658 0.151260504202
400 0.370909090909 0.419913419913 0.378342245989 0.384 0.464 0.334682860999 0.481276005548 0.514007308161 0.406329113924 0.407114624506
700 0.514976958525 0.531552018192 0.564031180401 0.507163323782 0.540909090909 0.511824324324 0.539682539683 0.541234298198 0.536885245902 0.541617122473
1000 0.540066225166 0.617577993962 0.582938388626 0.567111959288 0.55865736125 0.554583738257 0.540640394089 0.597597597598 0.531835205993 0.588625592417
4000 0.760660138977 0.765109927256 0.76974058924 0.77411181052 0.790756194633 0.768938264241 0.770533112844 0.766436032378 0.763099160378 0.776846380132
7000 0.811745065305 0.796696395493 0.809542842424 0.808563001198 0.825836573048 0.795509398084 0.802043375627 0.796541467927 0.785708421888 0.819306255663
10000 0.811422322782 0.816098495364 0.829706786583 0.819330599549 0.830758621296 0.820905560597 0.821525283227 0.823284403834 0.822786177592 0.817651620628
40000 0.852034213701 0.849969621377 0.849469676167 0.855258633458 0.859560531798 0.853568550878 0.85623422947 0.850376189445 0.847002386381 0.853667817023
70000 0.851245130464 0.857607160184 0.856387778694 0.859028843155 0.852916889874 0.859685261125 0.850132153904 0.855838437826 0.855951931429 0.854989309159
100000 0.858147217613 0.859890243166 0.856607279905 0.857741828334 0.858380184679 0.857374739213 0.85780054503 0.855457243483 0.855322894307 0.858730813857
400000 0.860263178714 0.858757465882 0.861649409944 0.861547574394 0.862739997813 0.861399262043 0.862040293022 0.860751736441 0.860428635621 0.85963641189
700000 0.85978699616 0.86049794117 0.862741802467 0.860645362449 0.860959456605 0.862194763299 0.861670293081 0.859996957787 0.861624514789 0.860758500843
1000000 0.861584204142 0.861238533539 0.861182239126 0.861768862285 0.861831197779 0.864140695139 0.862771488194 0.861060545679 0.861895766179 0.862106377678
4000000 0.861428367068 0.861971997114 0.860933545923 0.862038523524 0.86123190958 0.861395286069 0.862037971844 0.862168249987 0.861877209696 0.862460243686
7000000 0.861880779719 0.86160306732 0.861563624006 0.862056870682 0.861924377053 0.86167213341 0.861817872196 0.861895713396 0.862423887842 0.862130784811
10000000 0.86188155325 0.86161478488 0.861741336887 0.862025614111 0.862054539647 0.861657643494 0.861572264301 0.861978965058 0.861443078785 0.861809924844