#326713 326907
10 0.0 0.0 0.0 0.0 0.0 0.0 0.0 0.0 0.0 0.0
40 0.0731707317073 0.0697674418605 0.0425531914894 0.0888888888889 0.093023255814 0.093023255814 0.116279069767 0.0 0.152173913043 0.155555555556
70 0.0506329113924 0.0843373493976 0.0759493670886 0.190476190476 0.113924050633 0.0933333333333 0.148148148148 0.166666666667 0.0759493670886 0.0681818181818
100 0.135714285714 0.070796460177 0.161016949153 0.136752136752 0.155555555556 0.24 0.116666666667 0.162393162393 0.137931034483 0.219512195122
400 0.403003754693 0.399484536082 0.462842242503 0.405109489051 0.420485175202 0.392811296534 0.389369592089 0.329149232915 0.341954022989 0.36862745098
700 0.531839021905 0.476428175263 0.459873284055 0.56571774682 0.54220234768 0.522296544036 0.446719160105 0.510337323177 0.527331189711 0.48627881449
1000 0.564445828144 0.531396713615 0.562645687646 0.574793514836 0.59093637455 0.585454545455 0.59154059895 0.569414649096 0.601485148515 0.613949219945
4000 0.75560669991 0.769085646353 0.764972939698 0.762778104166 0.733160557203 0.73366311517 0.749018894404 0.750795593635 0.763385708567 0.770592528073
7000 0.785367394143 0.804823071186 0.793069264256 0.800326723944 0.759372408307 0.788326729656 0.792628594573 0.780652013917 0.80543474479 0.793774488463
10000 0.809384559232 0.806441282581 0.799218347363 0.802064831261 0.801558384062 0.783469047878 0.808349162797 0.808882907133 0.788917281887 0.819781242923
40000 0.833398040789 0.836375577861 0.824526825389 0.835234773559 0.835434824701 0.829077913655 0.820952285401 0.824811841631 0.818903922186 0.829427799682
70000 0.835501183365 0.832844860595 0.83509511596 0.836214744314 0.833922887358 0.832642551617 0.835523900606 0.83493761395 0.836572235271 0.844873161716
100000 0.827920388419 0.832660344501 0.828325410233 0.834229971096 0.838942927295 0.838215208858 0.833322160906 0.841841808775 0.830820762129 0.841734469288
400000 0.838117543964 0.836692463864 0.836285484332 0.83501312076 0.835546509109 0.840116247988 0.839002704329 0.837410636253 0.839357735334 0.837390493809
700000 0.838241968895 0.836948636256 0.836891163693 0.840151066217 0.837716184927 0.840107092976 0.841177657737 0.838486865603 0.837922915657 0.836963790721
1000000 0.839354321514 0.836664019816 0.838836065932 0.838281893221 0.837636182544 0.837771552863 0.837633023267 0.840046001135 0.839538701511 0.839109927875
4000000 0.838812238594 0.83880512455 0.837663357595 0.838556278667 0.838614142204 0.838887606831 0.838361433369 0.83908083886 0.839728241801 0.837997908964
7000000 0.838315191272 0.839271255611 0.838910643711 0.838094487212 0.838503769793 0.838840427848 0.838166202499 0.838703100246 0.838559344831 0.838095578049
10000000 0.83834227649 0.839138736153 0.838631031709 0.838872181272 0.838519657859 0.83838098654 0.838270503719 0.838038800532 0.838509941868 0.839053046435