#326713 326713
10 0.0 0.181818181818 0.0 0.0 0.1 0.0 0.0 0.0 0.0 0.0
40 0.0975609756098 0.0 0.0888888888889 0.0243902439024 0.0952380952381 0.0238095238095 0.0487804878049 0.0731707317073 0.093023255814 0.0697674418605
70 0.0641025641026 0.0666666666667 0.141025641026 0.012987012987 0.15 0.0779220779221 0.168831168831 0.0921052631579 0.14606741573 0.0512820512821
100 0.146551724138 0.154545454545 0.159292035398 0.133928571429 0.15652173913 0.162393162393 0.117647058824 0.159663865546 0.107142857143 0.154545454545
400 0.391236306729 0.380809595202 0.426829268293 0.347967479675 0.43095599393 0.461538461538 0.390894819466 0.336492890995 0.389570552147 0.3875
700 0.535983550377 0.503616042078 0.583701831965 0.544244843646 0.489795918367 0.550754458162 0.560735390676 0.541066282421 0.551273227805 0.561848958333
1000 0.615526122149 0.616165277274 0.649908256881 0.642468944099 0.596950742768 0.591566763125 0.621714285714 0.617245415529 0.633358662614 0.580416830515
4000 0.868060114009 0.862992279879 0.860161735831 0.87523579442 0.8655126498 0.85181108321 0.873680921966 0.871052631579 0.853615637341 0.857889546351
7000 0.91822284011 0.907186718484 0.921255278629 0.911600685991 0.924155423257 0.91302000216 0.917594055351 0.911963289158 0.920156604915 0.918170072821
10000 0.939155588977 0.945868044369 0.933614485895 0.942358042633 0.940827656574 0.943479264002 0.942362502042 0.940122957071 0.942536560315 0.937928707318
40000 0.98446426376 0.984730816381 0.983943888756 0.984116308147 0.983988936861 0.982154768301 0.983776264768 0.985256496722 0.985445214124 0.984348247764
70000 0.990964266384 0.991062491429 0.990820803614 0.992165790619 0.990800065128 0.991823605133 0.990935647648 0.99179762695 0.99146470752 0.991080757821
100000 0.99442732438 0.993482068916 0.993590434311 0.993364003824 0.993476267964 0.993498378897 0.993538853143 0.993898940596 0.994578799586 0.993135196435
400000 0.998523859549 0.998339228194 0.998396494145 0.998410513645 0.998461642265 0.998454884712 0.998367523347 0.998476426296 0.998317812252 0.998467435418
700000 0.999131075596 0.999069391504 0.999032146004 0.99907527283 0.999162839417 0.999006602157 0.999058716551 0.99904803783 0.999149084283 0.999138814597
1000000 0.999344616094 0.999354000956 0.999327118143 0.999394080845 0.999367456706 0.999309943291 0.999353625831 0.999312822295 0.999414578849 0.999417473841
4000000 0.999839725375 0.999840424864 0.999845709679 0.999845220812 0.999854402267 0.999853415171 0.999832002299 0.999845886392 0.999837970957 0.99983761234
7000000 0.999916536338 0.999917426864 0.999905905107 0.999912113992 0.999902221316 0.999905796421 0.999916357085 0.999910141357 0.999915850423 0.999912904402
10000000 0.999935050397 0.99993606944 0.999932114293 0.999934499279 0.999937940241 0.999938456791 0.999937819408 0.999937041749 0.999934252026 0.999937908222