#326737 326797
10 0.0 0.0 0.1 0.0 0.0 0.0909090909091 0.0 0.0 0.0 0.0
40 0.0487804878049 0.025 0.0212765957447 0.155555555556 0.047619047619 0.136363636364 0.0869565217391 0.0666666666667 0.047619047619 0.047619047619
70 0.075 0.125 0.141025641026 0.0864197530864 0.0394736842105 0.156626506024 0.0886075949367 0.0705882352941 0.0657894736842 0.0810810810811
100 0.106557377049 0.106557377049 0.131578947368 0.147826086957 0.141732283465 0.134453781513 0.107142857143 0.0769230769231 0.100917431193 0.16393442623
400 0.367583212735 0.378666666667 0.334869431644 0.288762446657 0.32674571805 0.359307359307 0.334265734266 0.347949080622 0.392805755396 0.333333333333
700 0.449079754601 0.3907839617 0.443253467844 0.46139592341 0.510079413561 0.43197071385 0.445442875481 0.417944349801 0.459634649381 0.449339207048
1000 0.46130952381 0.541131551545 0.532650900106 0.529370629371 0.539449541284 0.538034606595 0.498124531133 0.50635670178 0.492462311558 0.567606136283
4000 0.699723804592 0.691339375629 0.724005438316 0.698709969447 0.69566083936 0.712702199465 0.70890298752 0.70743796747 0.69385427064 0.717121289585
7000 0.75292406645 0.714323012358 0.732437962331 0.732785942056 0.746027608843 0.777680511954 0.755777381432 0.768046092184 0.74827116352 0.751763730821
10000 0.758974718538 0.757765047636 0.770566447726 0.770083116141 0.776738917 0.744838637926 0.762775947026 0.761904998955 0.756308200661 0.771159336945
40000 0.792593759621 0.790570815002 0.799259999474 0.791641456545 0.790749153837 0.794697232141 0.784787343676 0.789703364812 0.784501811262 0.786450607333
70000 0.803720783524 0.800684542998 0.800102275583 0.7908462345 0.801853325994 0.790348632778 0.79601807203 0.800580998926 0.790853468942 0.799683966635
100000 0.799336828971 0.797950558206 0.798616625737 0.798155800786 0.800791213295 0.793275381919 0.792778523571 0.798599581928 0.806040176066 0.792810636071
400000 0.79993078872 0.797917045154 0.803000038291 0.801535364089 0.800543623069 0.800345647118 0.802722500886 0.798809820085 0.802687916849 0.800886581449
700000 0.802209178908 0.803579520724 0.801961644459 0.799589136259 0.802833135406 0.801918240735 0.804331672579 0.802964272955 0.799744562961 0.798969660167
1000000 0.801419493008 0.803387720979 0.801393862298 0.801977966257 0.801255058998 0.801878088698 0.801530415298 0.801668382877 0.80047431624 0.800336699068
4000000 0.801998120479 0.802509589277 0.801691314112 0.802773271442 0.803153228553 0.801491069589 0.802728299979 0.801830481825 0.8014154727 0.801661482052
7000000 0.80261896855 0.802148138357 0.802312587323 0.801886692325 0.802088927095 0.801924527448 0.802793164594 0.802071659168 0.801817083045 0.801844547256
10000000 0.802128851856 0.801717921157 0.8024151901 0.801945930423 0.801982482627 0.802154968508 0.801811682952 0.801888396121 0.80208433425 0.802040116231