#326713 326737
10 0.0 0.0 0.0 0.0 0.0 0.0 0.0 0.0 0.0 0.0
40 0.0238095238095 0.0222222222222 0.0909090909091 0.0731707317073 0.0238095238095 0.0227272727273 0.047619047619 0.0238095238095 0.093023255814 0.046511627907
70 0.0126582278481 0.0519480519481 0.0555555555556 0.0779220779221 0.0128205128205 0.146341463415 0.10843373494 0.10843373494 0.0533333333333 0.115384615385
100 0.135135135135 0.113043478261 0.194915254237 0.135593220339 0.159292035398 0.135135135135 0.128440366972 0.176991150442 0.1875 0.133928571429
400 0.394428152493 0.359635811836 0.37784522003 0.359011627907 0.33281972265 0.344720496894 0.39907550077 0.34076433121 0.332840236686 0.352134146341
700 0.450940860215 0.489849377865 0.528735632184 0.476882430647 0.475432525952 0.443727598566 0.483479433581 0.430051813472 0.493026499303 0.461538461538
1000 0.54099009901 0.526477359939 0.565430085609 0.56398467433 0.562049335863 0.590528233151 0.553062000761 0.575836431227 0.587952697709 0.557591623037
4000 0.790278699403 0.78580060423 0.787246577716 0.773997158899 0.796503189658 0.781125506344 0.783033938643 0.785614058533 0.765442779527 0.777744991967
7000 0.829295957223 0.832973938045 0.833567407579 0.832080911196 0.836414772465 0.84855952381 0.837336946537 0.822372204942 0.832637724586 0.81757574291
10000 0.848261479271 0.843845504555 0.839777912282 0.853514096934 0.852577969808 0.848425847052 0.849116730578 0.848569390229 0.850938463563 0.851094030686
40000 0.889479101527 0.888096765115 0.874948157155 0.892540492044 0.885945489487 0.889405719377 0.887622406332 0.879892154566 0.882446403383 0.882143005757
70000 0.89525053484 0.897476692205 0.89229147875 0.897584823087 0.897340448921 0.896181958692 0.896118458798 0.890127413964 0.892395253838 0.898275859464
100000 0.894988920745 0.895619049929 0.895595747059 0.895410023351 0.891315347484 0.89889615309 0.892412536465 0.899157386915 0.89448748319 0.893859612981
400000 0.900471130307 0.901005620698 0.902116408468 0.901546488903 0.900017061579 0.900456723073 0.901038293804 0.900611027838 0.898374153167 0.9002371345
700000 0.900969261876 0.900909483987 0.900055423729 0.900787164494 0.901190190169 0.902113474228 0.90069689606 0.899214081782 0.901934761955 0.901366936784
1000000 0.90072980574 0.902218469563 0.902760914491 0.901441501278 0.900534475709 0.901387147292 0.901660580091 0.899992158242 0.90073773993 0.90200852033
4000000 0.901512600368 0.900905886946 0.901412868281 0.901394744129 0.901295168127 0.901391314238 0.901758598061 0.901624793298 0.902333084759 0.901836313245
7000000 0.901967083602 0.901789851141 0.901983784843 0.901937280903 0.902012608474 0.901589827039 0.901855927064 0.901570048656 0.901459788803 0.901525387637
10000000 0.901704345076 0.901733078783 0.90198171393 0.901755638999 0.901439987435 0.901671807241 0.901788171925 0.901525001671 0.901628657961 0.901762299061