#326737 326737
10 0.0 0.1 0.0 0.0 0.1 0.0 0.1 0.0 0.0 0.0
40 0.159090909091 0.025 0.0 0.046511627907 0.116279069767 0.162790697674 0.0666666666667 0.0909090909091 0.0487804878049 0.116279069767
70 0.0909090909091 0.0266666666667 0.156626506024 0.113924050633 0.1125 0.123456790123 0.134146341463 0.0675675675676 0.102564102564 0.0886075949367
100 0.0948275862069 0.0810810810811 0.163793103448 0.088 0.171171171171 0.149122807018 0.121739130435 0.152542372881 0.196428571429 0.104347826087
400 0.425563909774 0.373846153846 0.459090909091 0.394171779141 0.411589895988 0.382753403933 0.397572078907 0.39099859353 0.411326378539 0.399385560676
700 0.539548022599 0.508532423208 0.557309540151 0.530292716133 0.557074504443 0.540845070423 0.532037437005 0.503225806452 0.529041287614 0.539516655781
1000 0.629752676264 0.601294744859 0.618722378465 0.643206624012 0.63986409966 0.603023070804 0.591194968553 0.616356877323 0.613228699552 0.636084452975
4000 0.863972433174 0.8656512465 0.862035000164 0.879327525796 0.870399453738 0.859662576687 0.864648234683 0.868909353309 0.873645504539 0.856831696861
7000 0.922237720999 0.918565285022 0.914595746175 0.917431506069 0.922289794067 0.919460135198 0.907018998194 0.926134266767 0.919237980602 0.92137177642
10000 0.941855219323 0.941837046783 0.94062837078 0.944954544681 0.943987505914 0.942758351194 0.940970724102 0.941589838379 0.945536443132 0.939369103876
40000 0.985568146038 0.984171017604 0.983309027547 0.985292454895 0.985569867407 0.984954549047 0.984103208349 0.985236990257 0.9849190426 0.985541806431
70000 0.992049586779 0.992218806628 0.991790794213 0.991187192525 0.991926059626 0.991407211589 0.992109871063 0.991813678452 0.991531636603 0.991726877174
100000 0.994121540331 0.994209186802 0.994058007725 0.993579430836 0.994724235318 0.993907660583 0.994164731957 0.993390884046 0.993885474886 0.993758247144
400000 0.998494780965 0.998386478998 0.998375696567 0.99848852519 0.998411671645 0.998409087998 0.998487857229 0.998379403241 0.998453045443 0.998469625151
700000 0.999189922459 0.999126079693 0.999154031993 0.99914269743 0.99910874502 0.999201026134 0.999131756742 0.999105083482 0.99916431374 0.999221566849
1000000 0.999370426939 0.999370675018 0.999407230641 0.999357215868 0.999374713034 0.999328799507 0.999420863799 0.999364734003 0.999334630404 0.999355810051
4000000 0.999858147528 0.999850451815 0.9998464324 0.999834320267 0.999842969385 0.999854655549 0.999855795558 0.999858040725 0.999848400654 0.999839923191
7000000 0.999906265433 0.999915113563 0.999909036803 0.999918908151 0.999906403434 0.999915206625 0.999906339788 0.999909953611 0.999916100824 0.999913325613
10000000 0.999943780208 0.999940155453 0.999938015561 0.999940604161 0.999939265498 0.999936981054 0.999942938388 0.99993630072 0.999938523348 0.999945727221