#326713 326797
10 0.0 0.0 0.0 0.0 0.0 0.0 0.0 0.2 0.0 0.0
40 0.0714285714286 0.0 0.0 0.142857142857 0.0243902439024 0.093023255814 0.0425531914894 0.0487804878049 0.047619047619 0.0697674418605
70 0.135802469136 0.0875 0.141025641026 0.0506329113924 0.0657894736842 0.0731707317073 0.0823529411765 0.1125 0.0886075949367 0.0641025641026
100 0.104347826087 0.151785714286 0.0877192982456 0.128 0.101694915254 0.0877192982456 0.166666666667 0.175 0.0982142857143 0.0862068965517
400 0.396358543417 0.367316341829 0.375324675325 0.360852197071 0.414634146341 0.36350148368 0.376210235131 0.309090909091 0.342814371257 0.272598870056
700 0.512536443149 0.458908218356 0.502406738869 0.443318556048 0.523123123123 0.486486486486 0.489443378119 0.420777713291 0.452351485149 0.479359211337
1000 0.545486476993 0.508888114326 0.532723948812 0.564998320457 0.540801186944 0.493641995435 0.573179524153 0.583696746058 0.591289198606 0.584305408271
4000 0.725622057835 0.748125130718 0.71862698318 0.737237103616 0.725057968774 0.740223128599 0.746560103051 0.754793426158 0.7210607269 0.732398744211
7000 0.752650285891 0.783771961799 0.773693115864 0.754911399101 0.804672317552 0.736960218285 0.783160791918 0.743475346864 0.769869222694 0.764694469406
10000 0.785132902535 0.796455070909 0.783540896857 0.791232678661 0.791687485805 0.792059676667 0.780044770691 0.78788522848 0.788822212883 0.805430329449
40000 0.831721401884 0.822234259283 0.823457148407 0.825849106623 0.826857574844 0.831704329353 0.83283630225 0.827528121357 0.831933566633 0.818631299721
70000 0.835379824198 0.830341586031 0.833482686436 0.833146635603 0.835919991835 0.836806702231 0.830556053269 0.832269772185 0.827631117194 0.822031469377
100000 0.831077486178 0.838865767556 0.837688054201 0.838473371729 0.831362469251 0.8351036036 0.836897802336 0.834791735806 0.837016951513 0.830714831008
400000 0.838966575544 0.834102873483 0.837198563857 0.838459966174 0.83609250933 0.836905109438 0.836409661364 0.838490086645 0.837219053904 0.836768149396
700000 0.836588184606 0.838703337344 0.839472484308 0.837201553045 0.839034797455 0.836289453753 0.838131765039 0.835736941025 0.839258738098 0.839931762139
1000000 0.838274098679 0.839258881799 0.837109760058 0.837559091128 0.836475964749 0.837782291497 0.837735692493 0.838177188025 0.837307074382 0.837901684902
4000000 0.838210111163 0.838012298861 0.838898582013 0.837909117366 0.838465105511 0.838001353322 0.838547633794 0.838316220011 0.83843190854 0.838993941299
7000000 0.83801740094 0.838466357255 0.838118467401 0.837802698551 0.838488943183 0.838075925801 0.83766876886 0.838385903696 0.838023043958 0.83803109393
10000000 0.837870037593 0.838022730915 0.83760397309 0.837906507524 0.83826925242 0.838115414716 0.837834231611 0.838168882611 0.837860299281 0.838771640082