#326797 326797
10 0.0 0.0 0.0 0.1 0.0 0.0 0.0 0.1 0.0 0.0
40 0.119047619048 0.111111111111 0.0697674418605 0.093023255814 0.108695652174 0.0731707317073 0.0243902439024 0.0909090909091 0.0227272727273 0.0666666666667
70 0.185185185185 0.0666666666667 0.102564102564 0.0641025641026 0.269230769231 0.0789473684211 0.075 0.121951219512 0.1875 0.0921052631579
100 0.125 0.239669421488 0.172131147541 0.201834862385 0.173913043478 0.213740458015 0.142857142857 0.15652173913 0.2 0.18487394958
400 0.456298200514 0.494267515924 0.459863945578 0.48544973545 0.476519337017 0.46547314578 0.487741935484 0.426666666667 0.417567567568 0.474103585657
700 0.609769484083 0.628169014085 0.608300170551 0.61191626409 0.603742432581 0.613425925926 0.565451285117 0.645962732919 0.627388535032 0.596451058958
1000 0.684944532488 0.671480144404 0.698999696878 0.692404664355 0.661124867351 0.698113207547 0.661883094155 0.687816402295 0.676409802185 0.68023058664
4000 0.905718379575 0.900261527873 0.89529732038 0.891935182466 0.895026778883 0.899536361742 0.890942648536 0.90015483871 0.899347549332 0.89552238806
7000 0.931041561689 0.937282379745 0.928460722734 0.938610408857 0.940864522196 0.937902406712 0.940592050117 0.937502300755 0.936835135732 0.934575497217
10000 0.951716507361 0.956402372062 0.95607693239 0.956692755189 0.96115670539 0.951358595563 0.961032797434 0.96241943263 0.953582862481 0.960214532996
40000 0.988056149029 0.988819691016 0.987883831829 0.988124104144 0.98924970475 0.989656276254 0.989126077574 0.988101914632 0.988691705673 0.988353240094
70000 0.992912721943 0.993427457591 0.992413382044 0.993303583948 0.993183415698 0.993481088833 0.992771399183 0.993500340311 0.993096586495 0.993697139601
100000 0.995208417232 0.995282838999 0.996153349644 0.994643125467 0.995256587553 0.995078055961 0.995580665169 0.994648321575 0.994948885648 0.995826092335
400000 0.998863325664 0.99881065766 0.998835390672 0.998956281279 0.998832645243 0.998850828053 0.998884785443 0.99873561925 0.998834536118 0.998921925012
700000 0.999374957295 0.999222530097 0.999327747044 0.999424490675 0.999287114503 0.999267935176 0.999308349506 0.999316221018 0.999251026682 0.999351325546
1000000 0.999561483509 0.999515080761 0.999534994012 0.999538278456 0.999469575084 0.999537807776 0.999528345759 0.999510257015 0.999545335881 0.99954960219
4000000 0.999897503251 0.999879888793 0.999885878496 0.999874319721 0.999891152956 0.999882596831 0.999890897808 0.999886163575 0.999884002017 0.999894374936
7000000 0.999936389361 0.999931406797 0.999935066098 0.999934047465 0.999939289805 0.999936857783 0.99993120944 0.999937610556 0.999931781028 0.999934091478
10000000 0.999957257441 0.999957798237 0.999949569744 0.999953373078 0.999953702912 0.999955011723 0.999953974395 0.999949253595 0.999950590312 0.999955767686