#326797 327059
10 0.0 0.0 0.0 0.0 0.0 0.0 0.1 0.0 0.0 0.0
40 0.136363636364 0.047619047619 0.0227272727273 0.0227272727273 0.0975609756098 0.139534883721 0.155555555556 0.1 0.0681818181818 0.0243902439024
70 0.146341463415 0.184210526316 0.0602409638554 0.12 0.1 0.123287671233 0.0121951219512 0.0958904109589 0.0921052631579 0.0617283950617
100 0.129310344828 0.0737704918033 0.111111111111 0.0666666666667 0.152 0.135593220339 0.126984126984 0.105263157895 0.0917431192661 0.159292035398
400 0.356932153392 0.380888290713 0.302452316076 0.38603988604 0.449438202247 0.38202247191 0.368567454798 0.365360303413 0.376712328767 0.42061281337
700 0.505523408732 0.485362997658 0.509056839475 0.566937669377 0.467488789238 0.505501222494 0.467676179383 0.511319712866 0.426334106729 0.496519721578
1000 0.554225111187 0.532420984034 0.558053691275 0.547539993963 0.559555955596 0.574724172518 0.568906992532 0.630019120459 0.584708121827 0.586503473371
4000 0.738863031915 0.76440857813 0.752091851932 0.743694464374 0.760044043399 0.74598540146 0.714277992487 0.746391282022 0.734289561179 0.729308119634
7000 0.781138725712 0.801944479 0.79989130927 0.799213050721 0.785806331989 0.784918507249 0.794819371849 0.800905364666 0.781514944935 0.793316715707
10000 0.792121542086 0.811104014514 0.793338691118 0.81680192717 0.804354608454 0.810665689284 0.798991904689 0.791756108487 0.799961852991 0.819791191715
40000 0.831079994454 0.83331684177 0.82806146933 0.835768709312 0.831726692778 0.828825572582 0.831896714645 0.832394498615 0.83415418054 0.839967381996
70000 0.83979515489 0.837107402332 0.833351577058 0.835475980913 0.836068272965 0.839777728256 0.83820202576 0.838375076178 0.842118976897 0.834604511649
100000 0.837276736806 0.837247771759 0.836958170064 0.837785971137 0.836451003726 0.840349042106 0.839741721984 0.838550727279 0.834522972488 0.836858493329
400000 0.842616660657 0.841092872372 0.842643221197 0.842896326458 0.838967502102 0.841232670009 0.841304004743 0.84104349097 0.840875678064 0.842715829115
700000 0.841357435823 0.842651174481 0.843067928457 0.842344750145 0.843496744078 0.843825698595 0.841719347551 0.843767855417 0.842441783473 0.841550855994
1000000 0.843625182245 0.842941248846 0.844942539325 0.843547952661 0.843717688972 0.843352426728 0.842063683157 0.844853416752 0.842913754065 0.843174966079
4000000 0.843272461061 0.842674511305 0.84276996805 0.843433495543 0.84298360126 0.843391463952 0.843277838398 0.843079134128 0.842727041415 0.843022570097
7000000 0.843506641991 0.843506612187 0.84285946142 0.843170805403 0.843288039054 0.842922173325 0.8429908432 0.843121793501 0.843401685673 0.843582782006
10000000 0.842798902163 0.843065758284 0.843310041117 0.843014026583 0.84301018254 0.843047852365 0.842892121089 0.842798578564 0.843371885021 0.842755942889