#326737 327059
10 0.0 0.0 0.0 0.0 0.0 0.0 0.0 0.0 0.0 0.0
40 0.05 0.0238095238095 0.0487804878049 0.046511627907 0.0952380952381 0.0238095238095 0.0 0.093023255814 0.116279069767 0.0232558139535
70 0.217948717949 0.0632911392405 0.0526315789474 0.0512820512821 0.0512820512821 0.075 0.0945945945946 0.0253164556962 0.0740740740741 0.113924050633
100 0.142857142857 0.173913043478 0.185483870968 0.138211382114 0.106557377049 0.147540983607 0.155172413793 0.120689655172 0.15652173913 0.0796460176991
400 0.353968253968 0.371468926554 0.310708898944 0.361549497848 0.356576862124 0.369532428356 0.397471910112 0.337062937063 0.352773826458 0.369465648855
700 0.475073313783 0.459183673469 0.470663265306 0.434405940594 0.466966003849 0.451090342679 0.505031446541 0.458618543871 0.400127632419 0.474078700812
1000 0.514733308467 0.548113933795 0.52668128655 0.51731761238 0.548991864167 0.515808823529 0.544759825328 0.559720690922 0.545421245421 0.568884042166
4000 0.755527144594 0.75745088644 0.732878954731 0.733664862143 0.731192467992 0.757074260864 0.739662668435 0.76475744295 0.744913197685 0.760416666667
7000 0.790678935047 0.784470935753 0.770549803791 0.780522743065 0.776974956867 0.774822620154 0.763268520588 0.805981880171 0.789737389581 0.811591753971
10000 0.797165225665 0.82238195277 0.80522494938 0.814261870386 0.804563593574 0.802374787498 0.809140539024 0.819008928949 0.817420907691 0.822674284779
40000 0.842938193767 0.850475674931 0.842841398398 0.840736935576 0.841555633451 0.82856052285 0.840232846586 0.841465987636 0.834139200239 0.842124176399
70000 0.843923477818 0.837703559672 0.848151350543 0.844596273844 0.849870564638 0.851241448306 0.849806831909 0.841487725896 0.849370630901 0.845383797445
100000 0.850703302142 0.850204089548 0.849433585901 0.847492448458 0.847548813373 0.845343058213 0.844730921244 0.850086880927 0.848418273215 0.845338404021
400000 0.850502784178 0.851819012219 0.850091261759 0.850674978458 0.848425756494 0.851947752869 0.849620610108 0.848751355681 0.851117721895 0.851580821531
700000 0.852939149319 0.851169946042 0.853028819676 0.852553499318 0.852683487681 0.851640764052 0.85082715582 0.851074333408 0.851938089177 0.850152029422
1000000 0.850972103694 0.853383739663 0.853068025197 0.852621011145 0.853020274833 0.851072959921 0.852969397885 0.85276344513 0.851912025759 0.853113643355
4000000 0.85234642499 0.852354101746 0.85215783144 0.852866377782 0.852820352681 0.852703245374 0.853829067846 0.852318753076 0.85237365423 0.852589982752
7000000 0.852768420637 0.852411893681 0.852287078286 0.85286071727 0.852765124807 0.852288111996 0.852845955642 0.852319993623 0.852293818776 0.85272536503
10000000 0.853029758298 0.852298748571 0.852806063763 0.85289549895 0.852360036792 0.852291791678 0.85317143496 0.85234455239 0.852899900267 0.852663024268