#326780 D103
10 0.0 0.0 0.0 0.0 0.0 0.0 0.0 0.0 0.0 0.0
40 0.0444444444444 0.047619047619 0.0 0.0238095238095 0.093023255814 0.125 0.0697674418605 0.047619047619 0.12 0.0697674418605
70 0.136363636364 0.168674698795 0.0704225352113 0.1875 0.147727272727 0.146341463415 0.104651162791 0.0405405405405 0.115384615385 0.1125
100 0.140350877193 0.137931034483 0.152 0.130434782609 0.109090909091 0.15652173913 0.141666666667 0.130434782609 0.174603174603 0.0869565217391
400 0.383601756955 0.352192362093 0.433465085639 0.312410841655 0.432284541724 0.399399399399 0.366127023661 0.318421052632 0.346846846847 0.318634423898
700 0.504019789734 0.421497584541 0.481138318994 0.49880239521 0.478130617136 0.485958485958 0.445114595899 0.474282296651 0.470868014269 0.502151198525
1000 0.536504790221 0.498163115356 0.531510503501 0.529525032092 0.54188034188 0.541680843824 0.52640318831 0.548481880509 0.52017633096 0.503527040645
4000 0.691864075947 0.700783110066 0.737642797437 0.719618198823 0.70591367713 0.694824357301 0.728989125133 0.722738429173 0.714767174072 0.702247191011
7000 0.756183677593 0.754378136094 0.771020506634 0.748868915985 0.755259560735 0.759106818137 0.743340716204 0.743800282803 0.76072735119 0.755945456279
10000 0.761390946829 0.774611348144 0.75050504554 0.784446293075 0.767412203257 0.773846003231 0.766216154905 0.776203922843 0.771256249731 0.757425986033
40000 0.799188483034 0.798012441271 0.800235938023 0.805163292833 0.798469751014 0.796159288715 0.797980890687 0.804416265008 0.799915682096 0.794288796921
70000 0.803007899006 0.798203467527 0.802579810347 0.807806107952 0.801953281083 0.799231250854 0.805382340441 0.801012345868 0.806846397236 0.799674769392
100000 0.805086144301 0.80292794113 0.798989525202 0.811451934073 0.797877405785 0.800352340205 0.803047202521 0.802924419842 0.802864479486 0.80223867679
400000 0.806265633197 0.807780899258 0.806660131216 0.806155300474 0.805892488008 0.806663508113 0.808420948682 0.807798838723 0.811407229204 0.8083441634
700000 0.807541657042 0.807929563237 0.806932215315 0.808956850857 0.805898272451 0.805651326455 0.806480810387 0.806282883126 0.80766237042 0.806291818403
1000000 0.807246405369 0.807549774021 0.807466716751 0.808327055872 0.807035218143 0.808167626674 0.80743576337 0.807946927058 0.807933584917 0.807208131416
4000000 0.807348211116 0.806934484848 0.809288354538 0.807680814216 0.808186697031 0.808267931159 0.808137627455 0.808168209445 0.807490309053 0.80768451938
7000000 0.80850677426 0.80875000008 0.808094549715 0.808177757947 0.808376922826 0.80801077182 0.808771880756 0.808469084275 0.80815756793 0.809146871016
10000000 0.808260215082 0.807717255068 0.80834121506 0.80826744104 0.808149459261 0.808090771986 0.807662883782 0.808073903467 0.807625320323 0.808420882074