#326737 326780
10 0.0 0.0 0.0 0.0 0.0 0.0 0.0909090909091 0.0 0.0 0.0
40 0.0487804878049 0.0227272727273 0.0238095238095 0.0 0.047619047619 0.0454545454545 0.0232558139535 0.204545454545 0.0454545454545 0.0714285714286
70 0.1625 0.16049382716 0.0116279069767 0.113924050633 0.0675675675676 0.0789473684211 0.0864197530864 0.0641025641026 0.0897435897436 0.0540540540541
100 0.142857142857 0.0909090909091 0.178861788618 0.161016949153 0.129310344828 0.133333333333 0.171171171171 0.104347826087 0.0862068965517 0.173228346457
400 0.342606149341 0.386266094421 0.40379403794 0.392912172573 0.411375661376 0.364568081991 0.328912466844 0.355618776671 0.40404040404 0.327988338192
700 0.488052568698 0.46397515528 0.461984910041 0.529305135952 0.439440048691 0.490207715134 0.426092544987 0.482713633399 0.494131455399 0.522898550725
1000 0.582028590878 0.558823529412 0.540540540541 0.548043925875 0.596899224806 0.549524145224 0.529019346231 0.516015487504 0.518824306473 0.575789108567
4000 0.740405797101 0.758329976406 0.731414731443 0.75279049001 0.763182648149 0.771691208253 0.758840513422 0.756633442872 0.759440923691 0.754940711462
7000 0.775371819961 0.788413837502 0.774704471227 0.781185990899 0.791375280256 0.790993767347 0.793391746371 0.783845148488 0.81102580528 0.79014934734
10000 0.798287207277 0.798043633832 0.808413956262 0.818080912082 0.804037674557 0.802218028034 0.804133198628 0.793473992185 0.790035173396 0.806708199734
40000 0.830253442477 0.83155195826 0.836639671389 0.828306860125 0.830286506211 0.829371872056 0.828730136983 0.83042764591 0.832783079783 0.83235198907
70000 0.841142192203 0.842572734918 0.840268394096 0.840531108363 0.837197230409 0.837968671175 0.836554411928 0.837744259379 0.840150869401 0.831248019615
100000 0.838840280962 0.834632490828 0.837645428705 0.8393970697 0.837190979178 0.837493249854 0.842686684865 0.835726970433 0.833434650089 0.839300304195
400000 0.841070985888 0.841774175453 0.842978177892 0.841266578397 0.843033959335 0.843464793518 0.844401407843 0.842213840625 0.8407795 0.843416859493
700000 0.84238533168 0.843146049842 0.844142157755 0.840595359583 0.842286866562 0.842921734528 0.842404334181 0.843757915829 0.842337062677 0.842941666076
1000000 0.842941091931 0.842506657312 0.84301464269 0.84406002197 0.842398709907 0.844258723024 0.842737236893 0.843226282598 0.841154318556 0.843689776454
4000000 0.84279552346 0.843633489759 0.842852623978 0.84390062095 0.844168468836 0.842964501167 0.843435785699 0.844182228678 0.842822337661 0.843161384727
7000000 0.843195452292 0.843192186717 0.842936624154 0.843851110893 0.843266286134 0.843591658746 0.843472849889 0.843431129833 0.843292179946 0.843823483432
10000000 0.843258035255 0.843094527405 0.843067767393 0.843206465722 0.843251405212 0.843338095336 0.843362693988 0.843367734521 0.843480761342 0.843557887204