#326713 327059
10 0.0 0.0 0.0 0.0 0.0 0.0 0.0 0.0 0.1 0.0
40 0.075 0.0487804878049 0.047619047619 0.0 0.0731707317073 0.0975609756098 0.0487804878049 0.0 0.047619047619 0.0227272727273
70 0.131578947368 0.0740740740741 0.0675675675676 0.0789473684211 0.1 0.0588235294118 0.0945945945946 0.1875 0.0921052631579 0.0493827160494
100 0.129310344828 0.15503875969 0.0526315789474 0.107142857143 0.114754098361 0.157407407407 0.129310344828 0.126050420168 0.105263157895 0.160714285714
400 0.429548563611 0.319634703196 0.353268428373 0.367052023121 0.332857142857 0.360730593607 0.463186077644 0.334341906203 0.3296 0.402985074627
700 0.475474166122 0.493150684932 0.474486414844 0.519047619048 0.547110552764 0.479758308157 0.497395833333 0.485749690211 0.456813819578 0.471844660194
1000 0.573227779777 0.522133938706 0.548784911135 0.537634408602 0.526220614828 0.574249905051 0.563920983973 0.558123000355 0.536656891496 0.550345887779
4000 0.764671072098 0.758891510138 0.78302893366 0.77127128641 0.749290945925 0.76214363608 0.766362467463 0.761357027464 0.78215191402 0.778874302097
7000 0.819950848499 0.801834623642 0.823720320528 0.832530056671 0.802889150318 0.801967776017 0.822528431187 0.81088139046 0.808458131196 0.820779819397
10000 0.827120197937 0.835918271464 0.832818633581 0.831549164467 0.819452861684 0.829161765347 0.825998286018 0.822490696117 0.827395446085 0.834018356055
40000 0.864415301168 0.861941785448 0.86500894847 0.862254573558 0.858386126309 0.862664147843 0.865790042093 0.869674212302 0.856946804682 0.861389355079
70000 0.867019226605 0.870174841928 0.861927789392 0.868165012233 0.85860778084 0.869378018243 0.866415613512 0.867724348656 0.86579247191 0.867822778581
100000 0.866749034705 0.866182784753 0.866949808253 0.86695806669 0.870083883915 0.86786888572 0.868384995477 0.870413043556 0.872993989942 0.873722857015
400000 0.874435897486 0.87419994525 0.870362134398 0.873739691238 0.871124509045 0.87199909916 0.874407912046 0.875941591538 0.871974780924 0.87465586809
700000 0.874132807536 0.874648341966 0.873046797549 0.87272551614 0.874875386389 0.873397352793 0.874044540131 0.874664973121 0.873074846869 0.873935889674
1000000 0.872841598561 0.874545215503 0.873299695266 0.87458509156 0.874001144663 0.874540231299 0.872576171608 0.874348853331 0.87482987838 0.874827610249
4000000 0.874342360511 0.874473148593 0.874449073803 0.874036573357 0.874778624241 0.875319707395 0.874235857435 0.874052551953 0.87420970598 0.875047677593
7000000 0.874408785099 0.874414741293 0.874699992967 0.874601089851 0.874009728304 0.874703390914 0.874447838886 0.87413335435 0.874569104433 0.874445378656
10000000 0.87434014781 0.874805237479 0.873885082579 0.874037430613 0.873950792312 0.874074507407 0.873886692528 0.874190058145 0.87429016865 0.874427862628