#326737 D103
10 0.0 0.0 0.0 0.0 0.0 0.0 0.0 0.0 0.0 0.1
40 0.0487804878049 0.075 0.15 0.130434782609 0.05 0.0222222222222 0.0444444444444 0.0714285714286 0.0227272727273 0.0227272727273
70 0.1 0.075 0.157894736842 0.185185185185 0.0864197530864 0.0975609756098 0.118421052632 0.0384615384615 0.125 0.103896103896
100 0.155172413793 0.0924369747899 0.088 0.133333333333 0.186440677966 0.0625 0.0762711864407 0.141592920354 0.136752136752 0.126126126126
400 0.355305466238 0.321483771252 0.369799691834 0.366564417178 0.327242524917 0.364985163205 0.375189107413 0.350877192982 0.313455657492 0.430700447094
700 0.483234714004 0.48162992652 0.484284797947 0.426319396847 0.456671251719 0.468549422336 0.477397260274 0.410764872521 0.47619047619 0.406402226862
1000 0.511934156379 0.495533980583 0.554764729142 0.537983929876 0.522675736961 0.539857932123 0.535024611889 0.536041417762 0.528592927013 0.529176658673
4000 0.761097909564 0.750626391982 0.732998661312 0.77767410863 0.791221589964 0.761586223457 0.777222240864 0.743073660792 0.766384778013 0.755585070154
7000 0.796134403117 0.799983290166 0.813261163735 0.788044485635 0.798384780636 0.795763366257 0.805537312917 0.813972966056 0.809167585953 0.810843175468
10000 0.831223426839 0.829919665866 0.824119657215 0.814943204309 0.82739687456 0.821888348973 0.824259923586 0.82537581436 0.821285093387 0.815111745975
40000 0.859089586064 0.862384253352 0.857068545884 0.863732848596 0.860616092905 0.870073481718 0.864020526297 0.847292287529 0.868250207146 0.863147303233
70000 0.869640746844 0.87409852621 0.870840189387 0.86925613066 0.870022779832 0.866339031911 0.868020249238 0.869921064804 0.867600207614 0.874231297513
100000 0.871680520882 0.870144487672 0.865995100387 0.869486418473 0.874574761077 0.871406251736 0.872830538067 0.87213447223 0.872638831663 0.871379979602
400000 0.873426791004 0.872720034094 0.874011263565 0.872521510292 0.873327835508 0.875133960254 0.872010243414 0.876749610373 0.873764772251 0.876718836967
700000 0.875142574353 0.876598465401 0.876416891811 0.875228762648 0.873819469161 0.87493395919 0.875774672387 0.874290257422 0.875782795179 0.874459263919
1000000 0.876380189299 0.875575902881 0.874672545358 0.875365694189 0.876529836133 0.876061956158 0.877554212562 0.874997348388 0.87623506319 0.875542450977
4000000 0.876203718572 0.875703404782 0.876182168329 0.875827274687 0.876108033685 0.876461401812 0.876137178734 0.875848239972 0.87611207933 0.875481610144
7000000 0.875978389873 0.876151307668 0.875977859167 0.876245684616 0.876436938261 0.875866648425 0.876288057268 0.876524268807 0.876323694314 0.876322548349
10000000 0.87624401872 0.875966920786 0.876045682249 0.875962376664 0.876148221441 0.875814157195 0.876078859426 0.876010491069 0.876226672456 0.875961911081