#326780 326907
10 0.0 0.1 0.1 0.0 0.0 0.0 0.0 0.0 0.0 0.0
40 0.0444444444444 0.159090909091 0.244444444444 0.222222222222 0.139534883721 0.133333333333 0.093023255814 0.0227272727273 0.0851063829787 0.119047619048
70 0.075 0.093023255814 0.16049382716 0.162162162162 0.130952380952 0.230769230769 0.10843373494 0.117647058824 0.0602409638554 0.205128205128
100 0.154471544715 0.152542372881 0.0859375 0.185483870968 0.106557377049 0.148760330579 0.208333333333 0.177966101695 0.116666666667 0.16393442623
400 0.471534653465 0.46049382716 0.436974789916 0.520467836257 0.512758201701 0.473818646232 0.464102564103 0.458015267176 0.460992907801 0.439053254438
700 0.518557794274 0.600289995167 0.510444563471 0.537740503207 0.600992555831 0.52628968254 0.575038679732 0.514345331247 0.549212598425 0.522273425499
1000 0.650447427293 0.615211267606 0.567907708443 0.602770083102 0.628039317124 0.600961538462 0.609638554217 0.569746376812 0.591152437306 0.641237663377
4000 0.782285871914 0.774801429254 0.784309483113 0.795530796987 0.776666163565 0.784803400638 0.767778811644 0.779241525702 0.797420558197 0.767970424815
7000 0.813656152029 0.806444705344 0.810287779994 0.824289139613 0.790379006572 0.809129628624 0.821029901822 0.799883384573 0.803180826927 0.824542640446
10000 0.815538513348 0.815891227417 0.821535102036 0.814452606425 0.82017288088 0.828843927892 0.829103188799 0.815313310517 0.815712027698 0.809116716036
40000 0.842828025836 0.847581863956 0.849816825113 0.848015883744 0.853798908729 0.846101382546 0.845704896106 0.842038217464 0.839570349991 0.837469988028
70000 0.851862390406 0.853060896844 0.844194459927 0.85377222383 0.850794461277 0.849223329405 0.847541837618 0.853446612916 0.848226016763 0.849213032192
100000 0.847201806048 0.849891734258 0.85155355691 0.845242002708 0.849693565412 0.84682809427 0.844686421439 0.850119309615 0.849814629496 0.847546083307
400000 0.849804331562 0.856255107712 0.853554680762 0.854601659472 0.854094419738 0.85105676243 0.852918503268 0.852113303031 0.853062463558 0.855464042529
700000 0.85337354387 0.854414764084 0.85360300251 0.853966969935 0.853292445635 0.853827909077 0.852091682965 0.852554945066 0.855020754206 0.852913625088
1000000 0.853555542543 0.853238590612 0.852824952377 0.853872706097 0.854254901178 0.854367736264 0.854276349526 0.853925252649 0.853391594365 0.853946756157
4000000 0.852946174747 0.853054290497 0.853500182175 0.853656967342 0.852694471105 0.854042972104 0.853964813662 0.853384153162 0.853690492171 0.853963138848
7000000 0.85291140142 0.852980530823 0.854254987349 0.853520547922 0.853713835443 0.853719820617 0.853897108534 0.853904315766 0.853916550936 0.853494088446
10000000 0.853895351373 0.853740540576 0.853635040255 0.853358494902 0.853344986281 0.853957124559 0.853661326397 0.85386340992 0.853319286367 0.853666883562