#326797 D103
10 0.1 0.0 0.0 0.0 0.0 0.0 0.0 0.0 0.0 0.0
40 0.127659574468 0.0238095238095 0.0227272727273 0.093023255814 0.0681818181818 0.046511627907 0.047619047619 0.0227272727273 0.0 0.116279069767
70 0.106666666667 0.139240506329 0.0731707317073 0.166666666667 0.105263157895 0.0921052631579 0.168831168831 0.2 0.0657894736842 0.0769230769231
100 0.0782608695652 0.146551724138 0.139344262295 0.0357142857143 0.100840336134 0.0854700854701 0.140186915888 0.172413793103 0.102362204724 0.0701754385965
400 0.374242424242 0.27417027417 0.368421052632 0.359307359307 0.402234636872 0.273932253314 0.361344537815 0.376604850214 0.274452554745 0.385269121813
700 0.459190031153 0.473984771574 0.464669304692 0.428846153846 0.460061919505 0.52447163515 0.454161640531 0.445241199478 0.476338729763 0.491183879093
1000 0.564983888292 0.534348772148 0.552233676976 0.57889163431 0.56301029464 0.538178164769 0.544341495698 0.554414003044 0.531292517007 0.577361264241
4000 0.766456697615 0.768391120895 0.754581909996 0.743274201128 0.776637824475 0.73883161512 0.746965830584 0.740208397181 0.72472238457 0.754691048165
7000 0.798118987368 0.764966038507 0.811423982869 0.80535496056 0.783422069516 0.779647215691 0.793393948734 0.801946884984 0.786906038607 0.797404341485
10000 0.802520840812 0.806826933939 0.798333960116 0.800993106852 0.812391442163 0.784567945574 0.810032589415 0.814580903097 0.810473815461 0.804784165609
40000 0.833959097681 0.837105629769 0.84091624257 0.850001622707 0.84629726479 0.840635048974 0.842189064349 0.832353168962 0.844316925503 0.839281070265
70000 0.839420497878 0.839102817687 0.845111892597 0.842228065485 0.849879287668 0.841216599991 0.843360883998 0.847914245153 0.841043202634 0.84456145984
100000 0.85147031952 0.840743368688 0.845665564274 0.850485714596 0.8423992094 0.849239380949 0.850686604155 0.848584619954 0.851991321948 0.846360896628
400000 0.847638130489 0.848969559013 0.851359416623 0.848743475604 0.849808972922 0.849679786948 0.849174962491 0.849191781826 0.850622559368 0.854527879036
700000 0.851530337839 0.851508371854 0.848871887287 0.851094559798 0.850304028393 0.85015145851 0.850755733768 0.851905339062 0.848621278584 0.851998791425
1000000 0.851155667475 0.85065144278 0.850383867483 0.851523044457 0.851711876687 0.851410033724 0.850761022707 0.85161416754 0.850278872151 0.85196408822
4000000 0.851400857776 0.850526666999 0.85181778214 0.851925231674 0.851120813084 0.851537984449 0.851805893459 0.851185473853 0.852379419375 0.851092245623
7000000 0.851441406455 0.851399021276 0.851623421362 0.851018751969 0.851456966274 0.851584263502 0.851884510062 0.851780889909 0.851369814222 0.851784726625
10000000 0.851869644747 0.851059841536 0.851304174156 0.85112911351 0.851985086196 0.85133330189 0.851294954911 0.851226415733 0.851176955992 0.850858063098