#326713 D103
10 0.1 0.0 0.1 0.0 0.1 0.0 0.1 0.0 0.0 0.0
40 0.075 0.0 0.111111111111 0.0487804878049 0.0487804878049 0.0238095238095 0.075 0.142857142857 0.047619047619 0.0238095238095
70 0.0649350649351 0.126582278481 0.0975609756098 0.106666666667 0.131578947368 0.0909090909091 0.154761904762 0.103896103896 0.0595238095238 0.103896103896
100 0.155172413793 0.0810810810811 0.136752136752 0.095652173913 0.104347826087 0.161016949153 0.0847457627119 0.129310344828 0.149122807018 0.0901639344262
400 0.350299401198 0.3312 0.349788434415 0.299382716049 0.386327503975 0.308695652174 0.335423197492 0.319078947368 0.333333333333 0.359398496241
700 0.451008645533 0.496815286624 0.508152173913 0.433687002653 0.504394861393 0.494963062458 0.450308430432 0.432883750803 0.459302325581 0.520380434783
1000 0.569776407093 0.526395746297 0.591613146959 0.555642941408 0.531021194605 0.529317269076 0.608916699257 0.535221496006 0.572457966373 0.517651573292
4000 0.779520578307 0.769258696944 0.774108589951 0.754014723506 0.771158774178 0.780844538806 0.767323498057 0.780057251908 0.784824685354 0.787467164385
7000 0.814604166911 0.830263388425 0.814690937908 0.829196658562 0.822926874796 0.820751151529 0.811469146397 0.834467971703 0.823684304167 0.817028794739
10000 0.836826977213 0.831685131335 0.842036396088 0.834533607682 0.835906046327 0.829263639832 0.849365675188 0.836137497517 0.841545272779 0.841463414634
40000 0.886385020204 0.884036194217 0.885191107314 0.885745337001 0.882249547558 0.884150714921 0.881256346905 0.883998166156 0.885525971066 0.886733780275
70000 0.880914032435 0.88818075334 0.886595699475 0.889230926627 0.886184111554 0.895504773266 0.893545304018 0.888956994917 0.891370801609 0.884513034092
100000 0.889109126022 0.894612414036 0.888858348729 0.892026904928 0.890365144219 0.891673378729 0.893832669199 0.891464537004 0.890240463842 0.887983334752
400000 0.895496018828 0.894439823737 0.895135006709 0.896038488754 0.8957876199 0.895201056024 0.893834562361 0.894342661968 0.894065707765 0.895155875554
700000 0.896769108016 0.89581064865 0.895676880147 0.895573427515 0.89624235091 0.896116409444 0.895661439508 0.894672610833 0.895187583548 0.89692861408
1000000 0.897257228904 0.895483804855 0.89597395512 0.896059142136 0.895358700112 0.897131442784 0.8965692017 0.896178854658 0.89562996027 0.895943710255
4000000 0.896503067955 0.896794218192 0.897418880056 0.897141063234 0.896531455113 0.895952636701 0.897399601389 0.896254213471 0.897003455887 0.896870684719
7000000 0.896999024204 0.896986730977 0.89671439156 0.89689417838 0.897072794117 0.896495154282 0.896794852062 0.897218872202 0.896745622568 0.896793683741
10000000 0.89674523326 0.897017725934 0.897216324682 0.896945087688 0.896611857778 0.896959601676 0.896222570912 0.897132447762 0.896890267727 0.896510429049