#326907 327059
10 0.0 0.0 0.0 0.1 0.0 0.0 0.0 0.0 0.0 0.1
40 0.0 0.0681818181818 0.0952380952381 0.0975609756098 0.047619047619 0.0714285714286 0.130434782609 0.0222222222222 0.0243902439024 0.0222222222222
70 0.0833333333333 0.117647058824 0.0361445783133 0.164705882353 0.189873417722 0.171052631579 0.151162790698 0.075 0.115384615385 0.128205128205
100 0.20325203252 0.137404580153 0.172131147541 0.148760330579 0.152 0.112068965517 0.0650406504065 0.110169491525 0.175 0.116071428571
400 0.493946731235 0.406993006993 0.421957671958 0.479754601227 0.443843031123 0.436637390213 0.419950738916 0.408912188729 0.439024390244 0.423076923077
700 0.559123343527 0.568134171908 0.567222222222 0.575447570332 0.569315068493 0.599044078598 0.547256097561 0.514285714286 0.60822622108 0.563149261892
1000 0.62987012987 0.577829502473 0.602466236054 0.63234421365 0.66529169122 0.632352941176 0.597674418605 0.604964756359 0.620320855615 0.674039938556
4000 0.815876213148 0.828392167678 0.815358459844 0.808565044687 0.775660860032 0.817772804093 0.812112587733 0.801549491212 0.833159045537 0.79312308678
7000 0.841300747324 0.83423553077 0.849518625404 0.814926329816 0.851252390133 0.83642039376 0.851034367001 0.852201859738 0.843858409609 0.842443346937
10000 0.854032054885 0.853938866303 0.844973270581 0.866326362589 0.865959239348 0.838539461255 0.856484291116 0.851377876442 0.852948007971 0.859521966364
40000 0.884677613391 0.880838912038 0.880973836987 0.878145384804 0.886686871594 0.881724697501 0.87967394523 0.877394710866 0.873275802617 0.887941810554
70000 0.888523631624 0.883061335248 0.884357327151 0.883367470434 0.887904141023 0.884056174518 0.886655406729 0.883577669803 0.88793918958 0.887348068396
100000 0.885306787991 0.887396201041 0.892467506771 0.884626612846 0.888074040231 0.884176044125 0.88321911196 0.883446877609 0.883804991148 0.888702616366
400000 0.888401743499 0.888259586044 0.890535038787 0.887991016648 0.890414590094 0.890885986396 0.889427842697 0.885867077747 0.889020598166 0.888682652126
700000 0.889927365298 0.890835499922 0.887698375597 0.890419984289 0.890700260564 0.889732966008 0.890339104799 0.890886948981 0.88954145801 0.888374643579
1000000 0.891008236656 0.890094771676 0.892033901112 0.88999390694 0.890382448068 0.889684646481 0.891010713404 0.889410143505 0.889959424899 0.889238381241
4000000 0.890509146776 0.891000428122 0.890944710296 0.891136883986 0.890553308541 0.891130436391 0.891300882111 0.890133549517 0.890865258907 0.890835526427
7000000 0.890706788999 0.890603684846 0.890970185929 0.89083392217 0.890593074517 0.890629033891 0.890093118338 0.89066928605 0.890646682369 0.890759347555
10000000 0.890658694167 0.890880358836 0.890384702583 0.890536305558 0.890627048405 0.890416464831 0.890759822548 0.89084588616 0.891253182821 0.890821654168