#326907 326907
10 0.0 0.0 0.0 0.0 0.1 0.0 0.0 0.0 0.0 0.3
40 0.0975609756098 0.0227272727273 0.212765957447 0.111111111111 0.155555555556 0.046511627907 0.111111111111 0.0434782608696 0.139534883721 0.111111111111
70 0.224719101124 0.180722891566 0.120879120879 0.192307692308 0.1125 0.27380952381 0.202380952381 0.148148148148 0.153846153846 0.16049382716
100 0.253968253968 0.116666666667 0.207407407407 0.232558139535 0.186440677966 0.184 0.239669421488 0.165217391304 0.151515151515 0.274809160305
400 0.480263157895 0.482926829268 0.48743718593 0.513285024155 0.528868360277 0.534131736527 0.564389697648 0.60151187905 0.524550898204 0.477053140097
700 0.623298856832 0.641891891892 0.664205039096 0.666831683168 0.713738834538 0.684611719867 0.676164631389 0.642121524202 0.673577627772 0.676666666667
1000 0.725334655429 0.7721021611 0.734113712375 0.767735420348 0.692454372106 0.752160650737 0.74351732991 0.747288503254 0.753236459709 0.744718757954
4000 0.924372051136 0.915920638761 0.919854901096 0.914471677006 0.911708446592 0.914554204871 0.909611712285 0.920082332218 0.914167380748 0.920430957794
7000 0.959179503943 0.952354022338 0.954803253772 0.95306145267 0.953870087408 0.952603192226 0.958626923314 0.95357059315 0.953823953824 0.950109994816
10000 0.965170497912 0.96718116861 0.968875457639 0.966137830107 0.966395902932 0.966209197698 0.966486856076 0.966058582054 0.967949996675 0.965180791386
40000 0.990966234232 0.991985156722 0.992456901118 0.991082202943 0.992048286511 0.990252886463 0.990944656448 0.990463602812 0.991702456597 0.990602178628
70000 0.995418896238 0.995380294672 0.995066425099 0.995683046021 0.995463399499 0.995187671541 0.996055146899 0.99536582694 0.995256598284 0.99443411532
100000 0.996845663413 0.996841989145 0.996005637793 0.99644999488 0.996831121794 0.996424135698 0.996318883196 0.995950847115 0.997038498208 0.996203106942
400000 0.999184995923 0.999043078067 0.999120639267 0.999199215436 0.999251711399 0.999149630807 0.999129767157 0.999051492314 0.999147377739 0.999190308242
700000 0.999530275946 0.999549037606 0.999526721688 0.999552402065 0.999528558709 0.999513069825 0.999572984812 0.999542857285 0.999494650747 0.999486187612
1000000 0.99966707316 0.999651083323 0.999676142141 0.999658043981 0.999652665999 0.999645569907 0.999672359474 0.999670845337 0.999650096999 0.999670916486
4000000 0.999923388683 0.999915147488 0.999913277851 0.999909907924 0.9999042371 0.99992147149 0.999915496558 0.999913719756 0.999910514941 0.999915532465
7000000 0.999952862983 0.999952062089 0.999952216082 0.999944111093 0.999956592327 0.999951593361 0.999945674173 0.999946672799 0.999946598936 0.999950819612
10000000 0.999964888283 0.999966978807 0.999968190976 0.999969017341 0.999969167999 0.99996271405 0.999962845306 0.999963558363 0.999962504886 0.999966127205