#326907 D103
10 0.0 0.0 0.0 0.0 0.0 0.0 0.0 0.2 0.0 0.1
40 0.0681818181818 0.0714285714286 0.047619047619 0.0666666666667 0.0975609756098 0.047619047619 0.0 0.0454545454545 0.0 0.0243902439024
70 0.0769230769231 0.121951219512 0.0779220779221 0.0632911392405 0.103896103896 0.113402061856 0.0625 0.118421052632 0.113924050633 0.119047619048
100 0.15 0.142857142857 0.191666666667 0.131578947368 0.158333333333 0.127118644068 0.0862068965517 0.166666666667 0.125 0.142857142857
400 0.415654520918 0.393113342898 0.410081743869 0.39052496799 0.388508891929 0.372395833333 0.450738916256 0.324712643678 0.366379310345 0.394843962008
700 0.458133333333 0.51647183847 0.448235294118 0.491101223582 0.538925438596 0.534371643394 0.428489702517 0.505649717514 0.458285052144 0.540540540541
1000 0.535517353227 0.644471226273 0.584161490683 0.558110627719 0.552960526316 0.571658097686 0.538000630716 0.544589774078 0.555693069307 0.518238993711
4000 0.754290464443 0.703465459815 0.743538561244 0.75506993007 0.718631178707 0.701269889841 0.745060645358 0.752761924708 0.731338433078 0.740033243196
7000 0.765628299894 0.769226135669 0.759508240048 0.762764522085 0.776794663533 0.762681127831 0.789381406976 0.7763362145 0.790056408238 0.760135105801
10000 0.789967695386 0.78203254327 0.764250254202 0.790349877236 0.778903459046 0.770727848101 0.793434314295 0.785720777057 0.784827773662 0.786414792781
40000 0.810448566249 0.802389290291 0.810371752966 0.812663770876 0.819180374494 0.811425056498 0.809540049627 0.802146263516 0.809670460904 0.813448623176
70000 0.80604834276 0.81405087826 0.810843820306 0.811565156162 0.81945683826 0.814339501184 0.817147689965 0.816619897179 0.81334980562 0.810874146549
100000 0.816338990616 0.813797749327 0.821674161888 0.809083171262 0.812534179066 0.817007398066 0.814067856611 0.811730023311 0.813826203038 0.809119656535
400000 0.817519175776 0.816600135127 0.815741327077 0.819413991108 0.815761791517 0.815457177163 0.813115047355 0.8174221294 0.813286781003 0.819607119144
700000 0.817707916433 0.817703074052 0.816342351199 0.819031633573 0.81789584623 0.815513029612 0.817018059182 0.817397713702 0.817716534127 0.817663374575
1000000 0.8177165549 0.817630927745 0.81753148255 0.817510868725 0.819358564416 0.818277664931 0.817994515258 0.816395506728 0.818761515916 0.816788266192
4000000 0.818856568754 0.817534686989 0.818080004096 0.81824030178 0.818663052176 0.816886694775 0.817229754894 0.818259745637 0.816665704384 0.818377606812
7000000 0.81723269648 0.817599007018 0.817601864849 0.817681872135 0.817320166796 0.817277629039 0.818285230405 0.817428311657 0.816698327158 0.817632877578
10000000 0.818000034502 0.817616643801 0.817702801063 0.817887340042 0.818026555866 0.817391383966 0.818393478046 0.817723069234 0.817376886161 0.817385075047