#327059 327059
10 0.0 0.0 0.0 0.0 0.0 0.0 0.0 0.0 0.0 0.1
40 0.225 0.0888888888889 0.113636363636 0.0 0.0909090909091 0.0243902439024 0.0243902439024 0.0238095238095 0.229166666667 0.0232558139535
70 0.118421052632 0.103896103896 0.0833333333333 0.0779220779221 0.0853658536585 0.113924050633 0.177215189873 0.104651162791 0.189873417722 0.0731707317073
100 0.112903225806 0.20325203252 0.220338983051 0.148760330579 0.154471544715 0.213114754098 0.140350877193 0.136363636364 0.155737704918 0.146341463415
400 0.434720229555 0.462585034014 0.521963824289 0.380952380952 0.402906208719 0.447476125512 0.446175637394 0.42789968652 0.430122116689 0.42524005487
700 0.518540669856 0.563076923077 0.567955112219 0.580223880597 0.614318706697 0.56609365738 0.587628865979 0.554785894207 0.592282958199 0.605973578403
1000 0.656760287394 0.695054045201 0.651831564533 0.656387665198 0.659927797834 0.672285906945 0.633130081301 0.657744468237 0.655316415034 0.646785714286
4000 0.892990823473 0.889919640747 0.885417261667 0.890269092555 0.89383580526 0.889062453948 0.885241061675 0.887545344619 0.881994525064 0.887428331702
7000 0.934578800367 0.929311214648 0.931035822142 0.929369445196 0.931182522297 0.930410366734 0.932868731414 0.924723470882 0.935164759748 0.933019002715
10000 0.95161866754 0.954314446897 0.950468209722 0.957787820224 0.952713555962 0.952108447391 0.955246502574 0.955398731831 0.949998205248 0.950547645126
40000 0.986830901803 0.987204192397 0.987170862247 0.986818584067 0.98777672882 0.987625828643 0.98563830888 0.98741155217 0.987521196082 0.986446736875
70000 0.99246257847 0.992423151111 0.993066957809 0.992720315863 0.993150236912 0.992753514701 0.992728671259 0.993134456782 0.993348745304 0.992205753357
100000 0.994830154846 0.994793184431 0.995197361581 0.994784195073 0.995147532305 0.994859339309 0.994801030716 0.994292428978 0.99485469754 0.994953040432
400000 0.998675616621 0.998854042722 0.998695282738 0.998535244931 0.99868920324 0.998808379761 0.998766727024 0.998668609891 0.998640780731 0.998579665829
700000 0.999214073013 0.999312230606 0.999208463106 0.999191672954 0.999162799007 0.999219173289 0.999292476065 0.999235041913 0.999195917207 0.999267497927
1000000 0.999490146194 0.999466545709 0.999453428863 0.999453121982 0.99950533513 0.999578311664 0.999426787559 0.999418942756 0.999499799791 0.999513021496
4000000 0.99987613212 0.999863692507 0.999868896791 0.999883320016 0.999877363169 0.999883743591 0.999863022595 0.999868080287 0.99986775863 0.999865942153
7000000 0.999917960508 0.999927245632 0.999926678295 0.999929871743 0.99993097731 0.999927032509 0.999925085788 0.999934123517 0.999926367702 0.9999218438
10000000 0.999952737546 0.999949561408 0.999947234923 0.99995193025 0.999948341523 0.999953029584 0.999946678749 0.999948950438 0.999947849115 0.999948462238