#327059 D103
10 0.0 0.0 0.0 0.0 0.0 0.0 0.0 0.0 0.1 0.0
40 0.113636363636 0.0487804878049 0.116279069767 0.0217391304348 0.0 0.0227272727273 0.0 0.0232558139535 0.0681818181818 0.0714285714286
70 0.05 0.0933333333333 0.133333333333 0.12987012987 0.025974025974 0.155555555556 0.155844155844 0.0689655172414 0.0657894736842 0.179487179487
100 0.166666666667 0.0782608695652 0.204724409449 0.115044247788 0.172413793103 0.103448275862 0.224637681159 0.0654205607477 0.0787401574803 0.122807017544
400 0.36992481203 0.374277456647 0.369065849923 0.395962732919 0.28307254623 0.3824 0.355957767722 0.365714285714 0.345661450925 0.296012269939
700 0.486468646865 0.501573316551 0.441756842775 0.522388059701 0.466712898752 0.458131487889 0.519553072626 0.458183990442 0.396313364055 0.490476190476
1000 0.566885585897 0.561699011351 0.514159617506 0.563623292595 0.573867595819 0.528812368236 0.563565340909 0.506824050166 0.523060029283 0.544626593807
4000 0.757088270237 0.761934653652 0.764588452088 0.751201513131 0.769786442068 0.743752092783 0.745028095208 0.736579236689 0.75395946034 0.758810125792
7000 0.81066308145 0.785536833009 0.807302455938 0.797060973348 0.796964073387 0.793012433882 0.785058517017 0.801757476796 0.812947725845 0.787935005118
10000 0.81778653835 0.802500987089 0.818607189362 0.81825563224 0.806141328457 0.813317789436 0.835741026443 0.817473938645 0.805651308707 0.815507778473
40000 0.853623422841 0.846652323757 0.855722328439 0.848996332846 0.851643814283 0.854601865098 0.862226370005 0.864543996956 0.863830694436 0.852747529048
70000 0.858211856374 0.855704015839 0.851964508452 0.862091433096 0.859367341373 0.858227085234 0.864054400922 0.859383898092 0.860338372638 0.858355642948
100000 0.86069121303 0.860931154024 0.865470292877 0.864993149695 0.866204764789 0.862012203789 0.862193770942 0.866215949671 0.858250113621 0.862202705018
400000 0.863925654945 0.865589236366 0.865284103363 0.866625415405 0.865051610172 0.86423680032 0.864472900259 0.865553951555 0.86591522095 0.863962451552
700000 0.864602727456 0.865888464866 0.86394834183 0.865551346189 0.866657170161 0.866504755346 0.865684158107 0.864112945271 0.865057596259 0.866290621364
1000000 0.866336988509 0.865473014493 0.864561175805 0.866380739037 0.86469143018 0.865812843497 0.867310614969 0.86598446709 0.866384794206 0.866145839068
4000000 0.866619295416 0.865943991843 0.866414776856 0.866382723269 0.866421442761 0.865948458983 0.866928237182 0.866515264572 0.865327842561 0.866491631971
7000000 0.866489010783 0.86660954931 0.865766978868 0.866290945454 0.866103062176 0.865371367635 0.866149917 0.866273947925 0.866126711611 0.866166141691
10000000 0.866316397451 0.866060268532 0.86638820257 0.866034086565 0.865744187496 0.866677432281 0.865828321095 0.866704806468 0.866502985284 0.866403374615