#D103 D103
10 0.0 0.0 0.0 0.0 0.0 0.0 0.0 0.1 0.0 0.0
40 0.0243902439024 0.047619047619 0.0434782608696 0.0697674418605 0.05 0.0697674418605 0.136363636364 0.0952380952381 0.0975609756098 0.047619047619
70 0.126582278481 0.0649350649351 0.151898734177 0.0813953488372 0.08 0.108108108108 0.103896103896 0.0740740740741 0.0526315789474 0.08
100 0.107142857143 0.20325203252 0.130841121495 0.190082644628 0.15652173913 0.131147540984 0.0769230769231 0.0661157024793 0.14406779661 0.179487179487
400 0.440287769784 0.348159509202 0.409523809524 0.35248447205 0.38632986627 0.335515548282 0.349102773246 0.357256778309 0.377745241581 0.378421900161
700 0.512247838617 0.51179413867 0.530012771392 0.502552881109 0.524531024531 0.554006968641 0.492392807746 0.505398110661 0.563788659794 0.445165945166
1000 0.625230542235 0.607028753994 0.574139976275 0.595144870791 0.642743221691 0.584854368932 0.580835962145 0.613817891374 0.638809182209 0.642500958957
4000 0.862107584083 0.876820267305 0.862976468969 0.831235113984 0.864138570105 0.862317572534 0.847495322484 0.862560220234 0.858682552254 0.866329378925
7000 0.924054373522 0.914835164835 0.914307502786 0.918491567699 0.911170383777 0.919001044535 0.908188016654 0.915056547546 0.921051019783 0.910802118804
10000 0.945718712992 0.943646336296 0.942553676109 0.937302249626 0.933071861604 0.94657235352 0.934539264723 0.938502770854 0.937781418739 0.940740210381
40000 0.98311194018 0.985164365851 0.986313618174 0.9842482833 0.984114859218 0.983081581232 0.983757373715 0.984220873761 0.985000716067 0.985056791864
70000 0.990674702715 0.990921248246 0.990067313233 0.991108872594 0.991565124859 0.991524874819 0.991326692573 0.990732033055 0.991075462012 0.991233842817
100000 0.993727763136 0.993029500964 0.993401745578 0.993694496331 0.993660271296 0.993594441223 0.993797588388 0.99286362472 0.993077003164 0.993614722921
400000 0.998329797482 0.998362887581 0.998316311303 0.998433904669 0.998335219338 0.998342435112 0.998460323743 0.998401343419 0.998513669355 0.998488869597
700000 0.999185459568 0.999137276506 0.999131063328 0.999127110674 0.999019826648 0.99905526513 0.999116760168 0.999149032216 0.999115244237 0.999115737322
1000000 0.999349134637 0.999351637256 0.999400385846 0.999339178393 0.999291996613 0.999345257411 0.999384793081 0.999393056054 0.999334360263 0.999378310531
4000000 0.999836197512 0.999843607379 0.999832266775 0.999853026146 0.999839601939 0.999840232536 0.999848495157 0.999843683591 0.999826845679 0.999831688346
7000000 0.999912943316 0.999905472191 0.999907299023 0.999902235817 0.99990224051 0.999909017202 0.999909522715 0.999909518302 0.999910667672 0.999902979638
10000000 0.999935598501 0.999935855083 0.999939946126 0.999928436079 0.999932856724 0.999938029823 0.999935309622 0.99993470284 0.999939456757 0.999937918619