#316188
0 1484
1 309
2 2396
3 1576
4 2312
5 27039
6 76578
7 88517
8 175810
9 358785
10 590435
11 787168
12 1097536
13 1309528
14 1491241
15 1349886
16 1098678
17 979953
18 757710
19 547396
20 385155
21 236881
22 170631
23 105571
24 54973
25 34413
26 15019
27 9213
28 4242
29 3490
30 1582
31 739
32 324
33 423
34 150
35 108
36 72
37 23
38 2
39 58
40 64
41 11
42 1
43 4
44 2
45 1
47 1
48 2
49 1
52 44
53 6
54 2
55 2
56 3
57 2
58 1
59 1
64 1
65 1
66 6
67 2
68 3
69 1
70 3
71 5
72 6
73 1
74 1
75 5
76 4
77 4
78 2
79 2
81 3
82 1
83 1
84 2
85 2
86 1
87 2
89 2
90 1
91 2
92 4
94 1
96 2
97 1
99 3
101 6
105 1
106 1
110 3
#326650
0 758
1 226
2 1676
3 1517
4 3629
5 60223
6 139974
7 168380
8 382114
9 747703
10 1106884
11 1708742
12 2053091
13 2515397
14 2699657
15 2493622
16 2180781
17 1909464
18 1578718
19 1336172
20 1060947
21 826131
22 561664
23 395724
24 254885
25 163761
26 99319
27 59092
28 34830
29 20206
30 11463
31 6820
32 3985
33 2164
34 1219
35 736
36 418
37 210
38 267
39 88
40 35
41 35
42 14
43 12
44 9
45 5
46 3
47 7
48 2
49 3
50 2
51 2
52 2
53 1
54 3
55 1
59 1
62 1
63 1
64 1
65 2
66 3
70 3
72 4
73 1
74 2
75 2
76 2
77 5
78 4
79 8
80 2
82 3
83 10
84 3
85 9
87 5
88 1
89 2
90 2
91 1
92 1
93 1
95 4
96 1
97 4
98 2
99 1
100 3
101 1
103 1
104 3
#326651
0 1328
1 279
2 2514
3 1738
4 5074
5 163089
6 366629
7 410077
8 1055378
9 2062098
10 3325124
11 7611114
12 6889254
13 8760013
14 9488758
15 9345791
16 7925052
17 6730046
18 6304324
19 4459467
20 3715231
21 2762738
22 2077126
23 1208135
24 811212
25 551687
26 277076
27 129108
28 102307
29 42097
30 21966
31 12263
32 9823
33 3683
34 2284
35 1335
36 780
37 374
38 252
39 183
40 136
41 74
42 58
43 41
44 30
45 18
46 28
47 10
48 6
49 5
50 24
51 2
52 1
53 7
54 2
55 1
56 10
57 3
58 5
59 2
60 1
62 3
63 2
64 3
65 4
66 3
67 5
68 2
69 3
70 6
71 4
72 11
73 1
74 10
75 5
76 9
77 12
78 12
79 6
80 13
81 12
82 11
83 12
84 12
85 14
86 9
87 9
88 5
89 5
90 5
91 9
92 7
93 5
94 7
95 9
96 6
97 5
98 5
99 11
100 10
101 7
102 6
103 7
104 2
105 1
106 2
108 1
#326713
0 1350
1 375
2 3123
3 2116
4 8747
5 176938
6 474724
7 560866
8 1187474
9 2482817
10 3871441
11 6123299
12 8372068
13 9868084
14 10893889
15 10617323
16 8791069
17 7496510
18 6103047
19 4491202
20 3412475
21 2148999
22 1394912
23 858324
24 540411
25 316884
26 173673
27 97893
28 61586
29 30605
30 14919
31 9752
32 4802
33 3091
34 1500
35 776
36 477
37 330
38 205
39 110
40 78
41 50
42 28
43 17
44 13
45 13
46 11
47 19
48 9
49 4
50 6
51 11
52 7
54 1
55 2
56 2
57 1
58 2
59 3
63 3
64 1
65 3
66 1
67 5
68 6
69 3
70 4
71 2
72 5
73 7
74 5
75 10
76 4
77 2
78 10
79 2
80 5
81 8
82 4
83 8
84 11
85 11
86 15
87 16
88 2
89 8
90 7
91 7
92 8
93 9
94 5
95 19
96 8
97 7
98 9
99 10
100 8
101 12
102 11
103 5
104 4
105 5
106 6
107 2
108 1
112 1
#326737
0 660
1 127
2 932
3 608
4 3815
5 41095
6 108331
7 127036
8 257880
9 541420
10 842856
11 1259901
12 1607940
13 1942621
14 2147990
15 1893392
16 1655377
17 1443854
18 1184525
19 917070
20 676677
21 531542
22 323310
23 192997
24 121860
25 71343
26 40833
27 22483
28 15576
29 7535
30 4279
31 2437
32 1236
33 650
34 372
35 199
36 206
37 80
38 77
39 200
40 34
41 3
42 1
43 1
44 8
45 15
46 2
47 2
49 1
50 3
57 3
59 3
62 3
63 1
65 2
66 1
68 3
69 5
70 3
71 3
72 3
73 4
74 3
75 4
76 1
77 4
78 3
79 3
80 1
81 6
82 10
83 12
84 2
85 6
87 1
88 2
89 1
91 3
92 2
94 2
95 1
97 1
101 3
#326780
0 2362
1 580
2 4841
3 3051
4 4125
5 106598
6 275490
7 275923
8 834670
9 1502476
10 2405876
11 3448270
12 4574740
13 4993019
14 5192953
15 4485762
16 3340700
17 2559461
18 1961958
19 1429277
20 1012488
21 609678
22 372435
23 238095
24 140424
25 78893
26 46082
27 29779
28 13971
29 8096
30 4542
31 2452
32 1654
33 950
34 653
35 286
36 469
37 130
38 111
39 63
40 43
41 21
42 22
43 7
44 17
45 30
46 6
47 3
48 4
49 8
50 2
52 4
53 3
54 5
55 1
56 1
58 3
59 3
60 5
61 2
62 3
63 3
64 2
65 7
66 6
67 6
68 3
69 4
70 10
71 7
72 13
73 7
74 10
75 10
76 7
77 5
78 4
79 15
80 18
81 14
82 16
83 31
84 9
85 15
86 13
87 13
88 6
89 1
90 3
91 2
92 10
93 8
94 8
95 6
96 3
97 8
98 7
99 12
100 4
101 4
102 5
103 4
104 3
105 1
#326797
0 832
1 197
2 1511
3 1623
4 4465
5 93940
6 599433
7 409257
8 926094
9 1199490
10 2253937
11 2801320
12 3532088
13 3900431
14 4043159
15 3432505
16 2949547
17 2456224
18 2065079
19 1477592
20 1153376
21 819550
22 553361
23 393790
24 255614
25 161172
26 111920
27 53818
28 32222
29 17718
30 11053
31 5979
32 3080
33 1898
34 1026
35 646
36 406
37 171
38 167
39 81
40 76
41 20
42 8
43 2
44 7
45 3
46 1
47 2
48 5
50 9
51 1
53 1
55 3
57 1
60 1
61 1
63 1
64 1
65 2
66 2
67 5
68 1
69 3
70 3
71 2
73 3
74 3
75 1
76 1
77 1
78 3
79 6
80 2
81 7
82 6
83 4
84 4
85 3
86 4
87 9
88 2
89 4
90 2
91 4
92 1
93 3
94 1
95 4
96 1
97 4
98 4
99 2
100 3
101 3
102 3
103 4
105 1
#326907
0 972
1 199
2 1298
3 1026
4 2018
5 44874
6 72981
7 82254
8 202584
9 421482
10 684297
11 944632
12 1254578
13 1484893
14 1627273
15 1420270
16 1226314
17 985210
18 789310
19 678244
20 509766
21 377802
22 258156
23 176426
24 111712
25 69587
26 40817
27 23512
28 14673
29 9958
30 4939
31 2761
32 1597
33 1103
34 540
35 213
36 203
37 157
38 61
39 53
40 11
41 28
42 39
43 13
44 12
45 5
47 1
48 22
50 4
51 7
60 1
63 1
64 1
73 1
75 1
76 1
78 1
79 2
81 1
82 2
83 1
84 1
85 4
86 1
87 2
88 2
92 1
95 2
96 1
99 1
100 1
102 1
#327059
0 1949
1 532
2 3294
3 3132
4 3190
5 66334
6 168864
7 199928
8 448083
9 919302
10 1268981
11 2188138
12 2594806
13 3293848
14 3762225
15 3534253
16 2730542
17 2249796
18 1922505
19 1642334
20 1206852
21 810422
22 578030
23 572479
24 315579
25 158289
26 112481
27 85179
28 37550
29 20951
30 49654
31 6885
32 4180
33 2395
34 1454
35 717
36 470
37 322
38 186
39 874
40 70
41 42
42 33
43 24
44 3
45 6
46 7
47 5
48 14
50 5
51 1
53 5
54 2
55 4
56 1
57 1
58 1
60 1
61 2
62 3
63 1
64 1
65 1
66 1
67 1
68 1
69 1
70 5
71 1
72 2
73 1
74 4
75 4
76 3
77 2
78 7
79 5
80 3
81 5
82 5
83 12
84 2
85 5
86 3
87 8
88 1
89 8
91 2
92 1
93 1
94 1
95 2
96 3
97 2
98 3
99 5
101 1
102 3
103 1
104 1
105 2
107 1
112 1
#D103
0 1048
1 330
2 2709
3 2498
4 2741
5 33002
6 81709
7 77196
8 215685
9 349530
10 521596
11 761421
12 991654
13 1223475
14 1304266
15 1275804
16 1069019
17 995462
18 770626
19 622882
20 474182
21 339651
22 230192
23 157829
24 96852
25 62995
26 34361
27 19775
28 11953
29 6706
30 4190
31 2109
32 1214
33 811
34 429
35 196
36 213
37 68
38 72
39 16
40 7
41 5
42 17
44 1
45 3
46 1
47 5
48 1
49 2
50 5
53 2
57 2
59 1
61 3
62 1
63 1
64 3
65 1
66 1
67 1
68 1
69 1
70 3
71 1
72 2
73 1
74 1
75 3
76 2
77 3
78 4
79 7
80 5
81 5
82 1
83 5
84 2
85 2
87 7
89 1
90 1
92 1
93 2
97 2
98 2
100 2
101 3
102 3
103 3