#316188
1780481 915740
1458333 663793
1229250 664485
3434091 1887858
1995841 1126676
1858383 883741
#326650
9807902 1221528
6310667 540913
4373922 354031
5035938 383852
6338749 544360
3970608 305349
#326651
18543493 11037043
20174131 9978240
14452401 7562565
15309185 6692976
13417192 6258364
11966535 6121255
#326713
21687529 4402845
20879519 3790348
17120376 2999996
20293752 3814080
14010560 2605418
10797444 1584701
#326737
6089290 465337
7240799 567294
5274409 395402
4242599 305894
2085444 162724
1712653 152030
#326780
14832756 1175025
13457919 1048396
4513423 362522
7336498 454563
9989879 774275
8133675 612993
#326797
6456581 1334780
8878002 2110441
8275036 2045691
7972373 1631231
8341898 1926466
6895034 1463425
#326907
4645230 572612
1549971 195523
3114839 361224
2805384 342540
6198897 689810
842531 114453
#327059
9971884 3088794
7274436 2023623
4550507 1124027
2707348 591205
4656720 1082231
3623738 815888
#D103
4644707 471776
1348735 167637
3224770 305522
3324193 337600
1472544 156036
1898543 196269