#316188
1 5945740
2 133960
3 30638
4 11137
5 6083
6 5686
#326650
1 14587184
2 173884
3 27805
4 10605
5 5913
6 4938
#326651
1 58071765
2 813180
3 223521
4 104158
5 61802
6 65258
#326713
1 67541321
2 850982
3 222014
4 102240
5 60765
6 53510
#326737
1 10517409
2 129011
3 20199
4 6433
5 2650
6 1765
#326780
1 22098113
2 437785
3 111535
4 49634
5 29333
6 27661
#326797
1 18809399
2 315296
3 77777
4 36122
5 21963
6 22649
#326907
1 7012495
2 140622
3 29726
4 10543
5 5175
6 4387
#327059
1 18215401
2 380528
3 76592
4 33106
5 19339
6 17677
#D103
1 6325965
2 131134
3 23916
4 6166
5 2451
6 1630
#316188 326650
1 20943039
2 267
#316188 326651
1 65471708
2 610
#316188 326713
1 74962696
2 690
#316188 326737
1 16782605
2 14053
#316188 326780
1 28885181
2 1062
#316188 326797
1 25416044
2 203
#316188 326907
1 13326000
2 5096
#316188 327059
1 24875283
2 302
#316188 D103
1 12624338
2 84
#326650 326651
1 74137647
2 6183
#326650 326713
1 83603205
2 18978
#326650 326737
1 25485678
2 1059
#326650 326780
1 37561192
2 1599
#326650 326797
1 34087859
2 2838
#326650 326907
1 22008957
2 2160
#326650 327059
1 33544722
2 4125
#326650 D103
1 21299361
2 1115
#326651 326713
1 128129670
2 20423
#326651 326737
1 70012217
2 2467
#326651 326780
1 82088783
2 2481
#326651 326797
1 78457602
2 82644
#326651 326907
1 66535966
2 3333
#326651 327059
1 78067743
2 7292
#326651 D103
1 65827828
2 1559
#326713 326737
1 79502387
2 2956
#326713 326780
1 91578079
2 3407
#326713 326797
1 88099684
2 7177
#326713 326907
1 76027174
2 3303
#326713 327059
1 87555159
2 9158
#326713 D103
1 75317648
2 2223
#326737 326780
1 33430654
2 437
#326737 326797
1 29959215
2 729
#326737 326907
1 17879393
2 511
#326737 327059
1 29417914
2 1098
#326737 D103
1 17168127
2 301
#326780 326797
1 42035143
2 1062
#326780 326907
1 29876887
2 40061
#326780 327059
1 41493836
2 1434
#326780 D103
1 29244373
2 475
#326797 326907
1 26483930
2 1112
#326797 327059
1 38017691
2 4079
#326797 D103
1 25762344
2 6062
#326907 327059
1 25933467
2 6062
#326907 D103
1 13693204
2 503
#327059 D103
1 25231649
2 1128
#316188 326650 326651
1 80269479
2 6718
3 114
#316188 326650 326713
1 89734898
2 19572
3 121
#316188 326650 326737
1 31590420
2 15241
3 46
#316188 326650 326780
1 43691901
2 2805
3 41
#316188 326650 326797
1 40220319
2 3152
3 52
#316188 326650 326907
1 28131643
2 7355
3 56
#316188 326650 327059
1 39677068
2 4454
3 80
#316188 326650 D103
1 27431984
2 1385
3 27
#316188 326651 326713
1 134261034
2 21003
3 240
#316188 326651 326737
1 76116363
2 16902
3 76
#316188 326651 326780
1 88218848
2 3988
3 55
#316188 326651 326797
1 84589430
2 83247
3 70
#316188 326651 326907
1 72657996
2 8841
3 66
#316188 326651 327059
1 84199517
2 7850
3 118
#316188 326651 D103
1 71959780
2 2157
3 32
#316188 326713 326737
1 85606355
2 17489
3 70
#316188 326713 326780
1 97707984
2 4994
3 55
#316188 326713 326797
1 94231352
2 7860
3 70
#316188 326713 326907
1 82149062
2 8873
3 72
#316188 326713 327059
1 93686794
2 9775
3 125
#316188 326713 D103
1 81449443
2 2898
3 33
#316188 326737 326780
1 39533743
2 15477
3 25
#316188 326737 326797
1 36064034
2 14898
3 29
#316188 326737 326907
1 23974459
2 19540
3 40
#316188 326737 327059
1 35522586
2 15315
3 46
#316188 326737 D103
1 23273148
2 14387
3 17
#316188 326780 326797
1 48165941
2 2243
3 28
#316188 326780 326907
1 36000695
2 43339
3 960
#316188 326780 327059
1 47624457
2 2693
3 35
#316188 326780 D103
1 35375373
2 1573
3 16
#316188 326797 326907
1 32606663
2 6324
3 29
#316188 326797 327059
1 44150072
2 4437
3 49
#316188 326797 D103
1 31895074
2 6289
3 20
#316188 326907 327059
1 32056065
2 11310
3 50
#316188 326907 D103
1 19816136
2 5635
3 16
#316188 327059 D103
1 31364190
2 1445
3 23
#326650 326651 326713
1 142896379
2 38882
3 2234
#326650 326651 326737
1 84809517
2 8254
3 485
#326650 326651 326780
1 96885114
2 8697
3 522
#326650 326651 326797
1 93252187
2 89367
3 766
#326650 326651 326907
1 81331442
2 9843
3 611
#326650 326651 327059
1 92861011
2 14045
3 1185
#326650 326651 D103
1 80624620
2 7798
3 353
#326650 326713 326737
1 94274136
2 21499
3 498
#326650 326713 326780
1 106349357
2 21881
3 701
#326650 326713 326797
1 102869897
2 25477
3 1172
#326650 326713 326907
1 90797537
2 22131
3 770
#326650 326713 327059
1 102324091
2 27452
3 1603
#326650 326713 D103
1 90089234
2 20873
3 481
#326650 326737 326780
1 48236117
2 2645
3 150
#326650 326737 326797
1 44762344
2 4032
3 198
#326650 326737 326907
1 32683857
2 3157
3 191
#326650 326737 327059
1 44218757
2 5400
3 294
#326650 326737 D103
1 31974414
2 2169
3 102
#326650 326780 326797
1 56837543
2 4554
3 315
#326650 326780 326907
1 44680457
2 43061
3 253
#326650 326780 327059
1 56293950
2 5925
3 411
#326650 326780 D103
1 44049736
2 2727
3 154
#326650 326797 326907
1 41285283
2 5090
3 340
#326650 326797 327059
1 52816080
2 9056
3 662
#326650 326797 D103
1 40565556
2 9226
3 263
#326650 326907 327059
1 40732750
2 10823
3 508
#326650 326907 D103
1 28497502
2 3259
3 173
#326650 327059 D103
1 40032434
2 5432
3 312
#326651 326713 326737
1 138799228
2 22909
3 979
#326651 326713 326780
1 150874673
2 23593
3 906
#326651 326713 326797
1 147237833
2 105645
3 1533
#326651 326713 326907
1 135322286
2 24119
3 980
#326651 326713 327059
1 146846469
2 29817
3 2352
#326651 326713 D103
1 134615183
2 22390
3 605
#326651 326737 326780
1 92761120
2 4707
3 226
#326651 326737 326797
1 89129622
2 84895
3 315
#326651 326737 326907
1 77208242
2 5546
3 255
#326651 326737 327059
1 88739580
2 9357
3 500
#326651 326737 D103
1 76500197
2 3889
3 146
#326651 326780 326797
1 101205591
2 85173
3 338
#326651 326780 326907
1 89205879
2 44939
3 312
#326651 326780 327059
1 100815474
2 9707
3 500
#326651 326780 D103
1 88576529
2 3963
3 184
#326651 326797 326907
1 85653352
2 85397
3 564
#326651 326797 327059
1 97179840
2 91678
3 779
#326651 326797 D103
1 84934423
2 89464
3 267
#326651 326907 327059
1 85253554
2 15034
3 551
#326651 326907 D103
1 73023674
2 4825
3 190
#326651 327059 D103
1 84554693
2 8917
3 354
#326713 326737 326780
1 102249435
2 6125
3 225
#326713 326737 326797
1 98770819
2 9824
3 346
#326713 326737 326907
1 86698520
2 5957
3 271
#326713 326737 327059
1 98225976
2 11754
3 486
#326713 326737 D103
1 85989033
2 5048
3 144
#326713 326780 326797
1 110846205
2 10248
3 466
#326713 326780 326907
1 98695319
2 45751
3 340
#326713 326780 327059
1 110301368
2 12169
3 610
#326713 326780 D103
1 98064620
2 5430
3 225
#326713 326797 326907
1 95295161
2 10233
3 453
#326713 326797 327059
1 106818685
2 17582
3 944
#326713 326797 D103
1 94575468
2 14370
3 364
#326713 326907 327059
1 94741492
2 16408
3 705
#326713 326907 D103
1 82513632
2 5381
3 216
#326713 327059 D103
1 94040958
2 11270
3 413
#326737 326780 326797
1 52710602
2 1904
3 108
#326737 326780 326907
1 40552761
2 40706
3 101
#326737 326780 327059
1 52168662
2 2540
3 143
#326737 326780 D103
1 39920559
2 1018
3 65
#326737 326797 326907
1 37159280
2 1989
3 121
#326737 326797 327059
1 48692089
2 5321
3 195
#326737 326797 D103
1 36437955
2 6888
3 68
#326737 326907 327059
1 36608241
2 7146
3 175
#326737 326907 D103
1 24369239
2 1123
3 64
#326737 327059 D103
1 35906621
2 2224
3 101
#326780 326797 326907
1 49156180
2 41800
3 145
#326780 326797 327059
1 60767537
2 5798
3 259
#326780 326797 D103
1 48513679
2 7251
3 116
#326780 326907 327059
1 48605213
2 46882
3 225
#326780 326907 D103
1 36366445
2 40787
3 84
#326780 327059 D103
1 47982315
2 2614
3 141
#326797 326907 327059
1 45207182
2 10362
3 297
#326797 326907 D103
1 32962425
2 7314
3 121
#326797 327059 D103
1 44495638
2 10204
3 355
#326907 327059 D103
1 32421938
2 7222
3 157
#316188 326650 326651 326713
1 149027570
2 39540
3 2365
4 86
#316188 326650 326651 326737
1 90913453
2 22710
3 565
4 39
#316188 326650 326651 326780
1 103014986
2 10192
3 608
4 31
#316188 326650 326651 326797
1 99383823
2 89973
3 846
4 39
#316188 326650 326651 326907
1 87453300
2 15330
3 699
4 37
#316188 326650 326651 327059
1 98992605
2 14630
3 1269
4 57
#316188 326650 326651 D103
1 86756389
2 8348
3 454
4 18
#316188 326650 326713 326737
1 100377923
2 36020
3 587
4 37
#316188 326650 326713 326780
1 112479094
2 23429
3 798
4 30
#316188 326650 326713 326797
1 109001402
2 26130
3 1267
4 37
#316188 326650 326713 326907
1 96919254
2 27689
3 851
4 42
#316188 326650 326713 327059
1 108455555
2 28093
3 1689
4 60
#316188 326650 326713 D103
1 96220863
2 21485
3 586
4 19
#316188 326650 326737 326780
1 54338853
2 17811
3 182
4 20
#316188 326650 326737 326797
1 50866839
2 18300
3 241
4 21
#316188 326650 326737 326907
1 38778603
2 22285
3 241
4 23
#316188 326650 326737 327059
1 50323153
2 19686
3 346
4 30
#316188 326650 326737 D103
1 38079064
2 16387
3 136
4 14
#316188 326650 326780 326797
1 62968006
2 5843
3 356
4 20
#316188 326650 326780 326907
1 50803946
2 46429
3 1234
4 19
#316188 326650 326780 327059
1 62424300
2 7238
3 467
4 25
#316188 326650 326780 D103
1 50180354
2 3966
3 186
4 13
#316188 326650 326797 326907
1 47407722
2 10371
3 393
4 21
#316188 326650 326797 327059
1 58948191
2 9483
3 711
4 33
#316188 326650 326797 D103
1 46697949
2 9543
3 322
4 10
#316188 326650 326907 327059
1 46855090
2 16128
3 562
4 33
#316188 326650 326907 D103
1 34620101
2 8481
3 224
4 12
#316188 326650 327059 D103
1 46164702
2 5785
3 382
4 15
#316188 326651 326713 326737
1 144902720
2 37410
3 1161
4 51
#316188 326651 326713 326780
1 157004071
2 25163
3 1084
4 43
#316188 326651 326713 326797
1 153369015
2 106302
3 1717
4 49
#316188 326651 326713 326907
1 141443680
2 29669
3 1166
4 48
#316188 326651 326713 327059
1 152977658
2 30420
3 2535
4 75
#316188 326651 326713 D103
1 140746482
2 22997
3 818
4 23
#316188 326651 326737 326780
1 98863294
2 20096
3 294
4 22
#316188 326651 326737 326797
1 95233559
2 99386
3 390
4 25
#316188 326651 326737 326907
1 83302430
2 24885
3 353
4 21
#316188 326651 326737 327059
1 94843466
2 23824
3 592
4 37
#316188 326651 326737 D103
1 82604262
2 18351
3 211
4 15
#316188 326651 326780 326797
1 107335456
2 86721
3 403
4 22
#316188 326651 326780 326907
1 95328742
2 48596
3 1305
4 22
#316188 326651 326780 327059
1 106945278
2 11231
3 592
4 29
#316188 326651 326780 D103
1 94706506
2 5506
3 223
4 16
#316188 326651 326797 326907
1 91775185
2 90943
3 641
4 22
#316188 326651 326797 327059
1 103311421
2 92298
3 872
4 36
#316188 326651 326797 D103
1 91066187
2 90073
3 337
4 13
#316188 326651 326907 327059
1 91375344
2 20550
3 645
4 35
#316188 326651 326907 D103
1 79145640
2 10333
3 264
4 10
#316188 326651 327059 D103
1 90686408
2 9478
3 471
4 14
#316188 326713 326737 326780
1 108351435
2 21606
3 291
4 21
#316188 326713 326737 326797
1 104874590
2 24395
3 427
4 22
#316188 326713 326737 326907
1 92792528
2 25406
3 349
4 26
#316188 326713 326737 327059
1 104329713
2 26286
3 587
4 35
#316188 326713 326737 D103
1 92092931
2 19593
3 212
4 13
#316188 326713 326780 326797
1 116975906
2 11882
3 527
4 23
#316188 326713 326780 326907
1 104818044
2 49464
3 1343
4 21
#316188 326713 326780 327059
1 116431037
2 13746
3 713
4 28
#316188 326713 326780 D103
1 104194448
2 7038
3 273
4 14
#316188 326713 326797 326907
1 101416848
2 15847
3 532
4 23
#316188 326713 326797 327059
1 112950143
2 18237
3 1060
4 32
#316188 326713 326797 D103
1 100707083
2 15044
3 443
4 11
#316188 326713 326907 327059
1 100863141
2 21995
3 792
4 40
#316188 326713 326907 D103
1 88635451
2 10960
3 289
4 12
#316188 326713 327059 D103
1 100172537
2 11887
3 538
4 14
#316188 326737 326780 326797
1 58813404
2 17054
3 138
4 13
#316188 326737 326780 326907
1 46648598
2 57932
3 1066
4 15
#316188 326737 326780 327059
1 58271330
2 17729
3 189
4 15
#316188 326737 326780 D103
1 46023539
2 16103
3 83
4 10
#316188 326737 326797 326907
1 43254066
2 21119
3 171
4 12
#316188 326737 326797 327059
1 54796517
2 19615
3 247
4 18
#316188 326737 326797 D103
1 42542681
2 21084
3 98
4 9
#316188 326737 326907 327059
1 42702915
2 26303
3 235
4 19
#316188 326737 326907 D103
1 30464200
2 20191
3 101
4 9
#316188 326737 327059 D103
1 42011201
2 16471
3 143
4 11
#316188 326780 326797 326907
1 55279705
2 45182
3 1114
4 12
#316188 326780 326797 327059
1 66897915
2 7131
3 303
4 17
#316188 326780 326797 D103
1 54644385
2 8456
3 148
4 8
#316188 326780 326907 327059
1 54728600
2 50315
3 1198
4 18
#316188 326780 326907 D103
1 42490149
2 44101
3 1044
4 8
#316188 326780 327059 D103
1 54112849
2 3894
3 179
4 9
#316188 326797 326907 327059
1 51329528
2 15699
3 345
4 20
#316188 326797 326907 D103
1 39085066
2 12550
3 154
4 8
#316188 326797 327059 D103
1 50627928
2 10595
3 395
4 13
#316188 326907 327059 D103
1 38544445
2 12497
3 206
4 10
#326650 326651 326713 326737
1 153565372
2 41572
3 2800
4 349
#326650 326651 326713 326780
1 165640381
2 42190
3 2891
4 368
#326650 326651 326713 326797
1 162002548
2 124326
3 3573
4 533
#326650 326651 326713 326907
1 150087098
2 43175
3 2875
4 430
#326650 326651 326713 327059
1 161610184
2 48699
3 4266
4 777
#326650 326651 326713 D103
1 149381160
2 40968
3 2669
4 251
#326650 326651 326737 326780
1 107556714
2 10863
3 859
4 131
#326650 326651 326737 326797
1 103923510
2 91570
3 1136
4 157
#326650 326651 326737 326907
1 92003008
2 12017
3 922
4 155
#326650 326651 326737 327059
1 103532131
2 16236
3 1528
4 234
#326650 326651 326737 D103
1 91296296
2 9930
3 750
4 84
#326650 326651 326780 326797
1 115998781
2 92046
3 1233
4 177
#326650 326651 326780 326907
1 103999862
2 51653
3 1078
4 155
#326650 326651 326780 327059
1 115607351
2 16748
3 1626
4 248
#326650 326651 326780 D103
1 103371723
2 10415
3 785
4 107
#326650 326651 326797 326907
1 100445602
2 92729
3 1413
4 217
#326650 326651 326797 327059
1 111970280
2 99139
3 1956
4 359
#326650 326651 326797 D103
1 99728078
2 96276
3 1101
4 137
#326650 326651 326907 327059
1 100044615
2 22456
3 1611
4 311
#326650 326651 326907 D103
1 87818030
2 11574
3 859
4 117
#326650 326651 327059 D103
1 99347038
2 15822
3 1516
4 172
#326650 326713 326737 326780
1 117020043
2 24458
3 1078
4 124
#326650 326713 326737 326797
1 113540346
2 28079
3 1558
4 164
#326650 326713 326737 326907
1 101468204
2 24719
3 1102
4 157
#326650 326713 326737 327059
1 112994262
2 30087
3 1977
4 226
#326650 326713 326737 D103
1 100759993
2 23419
3 917
4 77
#326650 326713 326780 326797
1 125615360
2 28461
3 1746
4 227
#326650 326713 326780 326907
1 113464674
2 64324
3 1392
4 168
#326650 326713 326780 327059
1 125069262
2 30490
3 2149
4 294
#326650 326713 326780 D103
1 112835073
2 23864
3 1061
4 125
#326650 326713 326797 326907
1 110063344
2 28923
3 1695
4 260
#326650 326713 326797 327059
1 121585551
2 36050
3 2489
4 473
#326650 326713 326797 D103
1 109344915
2 32705
3 1512
4 192
#326650 326713 326907 327059
1 109508478
2 35218
3 2126
4 365
#326650 326713 326907 D103
1 97283187
2 24172
3 1100
4 135
#326650 326713 327059 D103
1 108809195
2 29566
3 1965
4 211
#326650 326737 326780 326797
1 67511632
2 5855
3 475
4 74
#326650 326737 326780 326907
1 55354964
2 44150
3 423
4 68
#326650 326737 326780 327059
1 66967590
2 7358
3 598
4 100
#326650 326737 326780 D103
1 54724376
2 3849
3 287
4 46
#326650 326737 326797 326907
1 51959334
2 6381
3 502
4 87
#326650 326737 326797 327059
1 63489328
2 10643
3 841
4 127
#326650 326737 326797 D103
1 51239753
2 10505
3 435
4 49
#326650 326737 326907 327059
1 51406373
2 12243
3 680
4 122
#326650 326737 326907 D103
1 39172098
2 4359
3 330
4 50
#326650 326737 327059 D103
1 50706236
2 6759
3 569
4 60
#326650 326780 326797 326907
1 63955667
2 46231
3 681
4 93
#326650 326780 326797 327059
1 75564258
2 11168
3 999
4 162
#326650 326780 326797 D103
1 63314764
2 11111
3 512
4 84
#326650 326780 326907 327059
1 63402758
2 52048
3 865
4 133
#326650 326780 326907 D103
1 51168526
2 44281
3 424
4 60
#326650 326780 327059 D103
1 62781237
2 7362
3 658
4 90
#326650 326797 326907 327059
1 60002967
2 16197
3 979
4 207
#326650 326797 326907 D103
1 47762500
2 11633
3 541
4 89
#326650 326797 327059 D103
1 59292978
2 15387
3 1048
4 136
#326650 326907 327059 D103
1 47220014
2 12291
3 718
4 108
#326651 326713 326737 326780
1 161543998
2 26231
3 1624
4 178
#326651 326713 326737 326797
1 157906992
2 108263
3 2249
4 231
#326651 326713 326737 326907
1 145991596
2 26744
3 1681
4 201
#326651 326713 326737 327059
1 157515437
2 32471
3 2965
4 338
#326651 326713 326737 D103
1 145284593
2 24931
3 1458
4 104
#326651 326713 326780 326797
1 169982148
2 108929
3 2267
4 244
#326651 326713 326780 326907
1 157988367
2 66528
3 1782
4 189
#326651 326713 326780 327059
1 169590538
2 33185
3 2972
4 349
#326651 326713 326780 D103
1 157359919
2 25624
3 1376
4 136
#326651 326713 326797 326907
1 154430144
2 109100
3 2398
4 283
#326651 326713 326797 327059
1 165949591
2 117027
3 3556
4 513
#326651 326713 326797 D103
1 153712363
2 112909
3 2017
4 188
#326651 326713 326907 327059
1 154029133
2 38201
3 2992
4 399
#326651 326713 326907 D103
1 141807447
2 26217
3 1427
4 141
#326651 326713 327059 D103
1 153331083
2 32027
3 2780
4 236
#326651 326737 326780 326797
1 111877367
2 87417
3 615
4 93
#326651 326737 326780 326907
1 99877926
2 47112
3 558
4 84
#326651 326737 326780 327059
1 111487048
2 11846
3 873
4 124
#326651 326737 326780 D103
1 99248673
2 6193
3 397
4 56
#326651 326737 326797 326907
1 96325062
2 87655
3 839
4 104
#326651 326737 326797 327059
1 107851117
2 93890
3 1157
4 158
#326651 326737 326797 D103
1 95606251
2 91722
3 564
4 58
#326651 326737 326907 327059
1 95925083
2 17184
3 905
4 144
#326651 326737 326907 D103
1 83695758
2 7039
3 435
4 55
#326651 326737 327059 D103
1 95226365
2 10998
3 797
4 76
#326651 326780 326797 326907
1 108322170
2 127246
3 939
4 105
#326651 326780 326797 327059
1 119926606
2 94312
3 1244
4 158
#326651 326780 326797 D103
1 107682054
2 92030
3 597
4 77
#326651 326780 326907 327059
1 107922182
2 56787
3 996
4 148
#326651 326780 326907 D103
1 95693173
2 46504
3 502
4 67
#326651 326780 327059 D103
1 107302045
2 11438
3 775
4 101
#326651 326797 326907 327059
1 104365226
2 99125
3 1407
4 196
#326651 326797 326907 D103
1 92129764
2 92291
3 806
4 84
#326651 326797 327059 D103
1 103655956
2 98363
3 1179
4 144
#326651 326907 327059 D103
1 91740115
2 16757
3 828
4 106
#326713 326737 326780 326797
1 121517077
2 12915
3 757
4 97
#326713 326737 326780 326907
1 109366461
2 48326
3 629
4 77
#326713 326737 326780 327059
1 120971951
2 14794
3 1000
4 116
#326713 326737 326780 D103
1 108735789
2 8140
3 447
4 53
#326713 326737 326797 326907
1 105966054
2 12809
3 795
4 99
#326713 326737 326797 327059
1 117489075
2 20172
3 1379
4 148
#326713 326737 326797 D103
1 105246425
2 17000
3 710
4 53
#326713 326737 326907 327059
1 105412061
2 19023
3 1073
4 141
#326713 326737 326907 D103
1 93184796
2 8018
3 491
4 51
#326713 326737 327059 D103
1 104711620
2 13864
3 856
4 72
#326713 326780 326797 326907
1 117962603
2 52528
3 992
4 103
#326713 326780 326797 327059
1 129564189
2 20614
3 1523
4 189
#326713 326780 326797 D103
1 117321690
2 17451
3 799
4 93
#326713 326780 326907 327059
1 117408622
2 58763
3 1228
4 163
#326713 326780 326907 D103
1 105181486
2 47779
3 597
4 67
#326713 326780 327059 D103
1 116786871
2 14324
3 945
4 111
#326713 326797 326907 327059
1 114004192
2 24972
3 1547
4 213
#326713 326797 326907 D103
1 101770598
2 17446
3 802
4 88
#326713 326797 327059 D103
1 113293901
2 24523
3 1460
4 154
#326713 326907 327059 D103
1 101226960
2 18570
3 1047
4 111
#326737 326780 326797 326907
1 59831071
2 42805
3 263
4 53
#326737 326780 326797 327059
1 71441522
2 7162
3 413
4 73
#326737 326780 326797 D103
1 59188803
2 8193
3 225
4 33
#326737 326780 326907 327059
1 59279569
2 48085
3 368
4 69
#326737 326780 326907 D103
1 47041976
2 41538
3 186
4 32
#326737 326780 327059 D103
1 58656861
2 3787
3 274
4 44
#326737 326797 326907 327059
1 55881122
2 11713
3 464
4 81
#326737 326797 326907 D103
1 43637417
2 8324
3 222
4 38
#326737 326797 327059 D103
1 55169741
2 11540
3 519
4 50
#326737 326907 327059 D103
1 43096417
2 8394
3 309
4 47
#326780 326797 326907 327059
1 67877660
2 51566
3 570
4 89
#326780 326797 326907 D103
1 55634145
2 48147
3 286
4 45
#326780 326797 327059 D103
1 67244993
2 12095
3 559
4 78
#326780 326907 327059 D103
1 55093185
2 48178
3 383
4 56
#326797 326907 327059 D103
1 51684641
2 16630
3 614
4 79
#316188 326650 326651 326713 326737
1 159668690
2 56139
3 2945
4 397
5 33
#316188 326650 326651 326713 326780
1 171769625
2 43801
3 3037
4 418
5 28
#316188 326650 326651 326713 326797
1 168133574
2 125031
3 3726
4 579
5 33
#316188 326650 326651 326713 326907
1 156208341
2 48769
3 3032
4 473
5 34
#316188 326650 326651 326713 327059
1 167741217
2 49352
3 4442
4 810
5 49
#316188 326650 326651 326713 D103
1 155512294
2 41644
3 2802
4 322
5 15
#316188 326650 326651 326737 326780
1 113658697
2 26256
3 968
4 143
5 20
#316188 326650 326651 326737 326797
1 110027248
2 106096
3 1217
4 186
5 19
#316188 326650 326651 326737 326907
1 98097009
2 31379
3 1030
4 180
5 19
#316188 326650 326651 326737 327059
1 109635844
2 30716
3 1646
4 252
5 29
#316188 326650 326651 326737 D103
1 97400164
2 24404
3 838
4 110
5 12
#316188 326650 326651 326780 326797
1 122128463
2 93600
3 1325
4 199
5 18
#316188 326650 326651 326780 326907
1 110122571
2 55276
3 2124
4 169
5 19
#316188 326650 326651 326780 327059
1 121736984
2 18292
3 1721
4 280
5 22
#316188 326650 326651 326780 D103
1 109501529
2 11921
3 888
4 120
5 13
#316188 326650 326651 326797 326907
1 106567269
2 98278
3 1504
4 246
5 18
#316188 326650 326651 326797 327059
1 118101684
2 99792
3 2049
4 389
5 27
#316188 326650 326651 326797 D103
1 105859659
2 96895
3 1176
4 177
5 8
#316188 326650 326651 326907 327059
1 106166243
2 27991
3 1707
4 343
5 26
#316188 326650 326651 326907 D103
1 93939825
2 17080
3 942
4 154
5 8
#316188 326650 326651 327059 D103
1 105478577
2 16417
3 1604
4 221
5 11
#316188 326650 326713 326737 326780
1 123121880
2 39914
3 1194
4 137
5 19
#316188 326650 326713 326737 326797
1 119643950
2 42650
3 1658
4 191
5 18
#316188 326650 326713 326737 326907
1 107562049
2 44158
3 1215
4 175
5 22
#316188 326650 326713 326737 327059
1 119097833
2 44637
3 2087
4 253
5 27
#316188 326650 326713 326737 D103
1 106863714
2 37959
3 1009
4 105
5 11
#316188 326650 326713 326780 326797
1 131744906
2 30072
3 1843
4 252
5 17
#316188 326650 326713 326780 326907
1 119587245
2 68016
3 2429
4 190
5 18
#316188 326650 326713 326780 327059
1 131198773
2 32078
3 2254
4 327
5 22
#316188 326650 326713 326780 D103
1 118964741
2 25434
3 1160
4 146
5 11
#316188 326650 326713 326797 326907
1 116184884
2 34517
3 1803
4 283
5 20
#316188 326650 326713 326797 327059
1 127716844
2 36733
3 2598
4 505
5 26
#316188 326650 326713 326797 D103
1 115476372
2 33362
3 1607
4 229
5 8
#316188 326650 326713 326907 327059
1 115629979
2 40801
3 2240
4 385
5 31
#316188 326650 326713 326907 D103
1 103404842
2 29744
3 1185
4 170
5 10
#316188 326650 326713 327059 D103
1 114940608
2 30210
3 2062
4 259
5 12
#316188 326650 326737 326780 326797
1 73614133
2 21101
3 520
4 88
5 12
#316188 326650 326737 326780 326907
1 61450513
2 61456
3 1413
4 80
5 13
#316188 326650 326737 326780 327059
1 73070000
2 22613
3 661
4 115
5 15
#316188 326650 326737 326780 D103
1 60827021
2 19051
3 321
4 58
5 9
#316188 326650 326737 326797 326907
1 58053843
2 25596
3 556
4 109
5 11
#316188 326650 326737 326797 327059
1 69593495
2 25024
3 885
4 154
5 15
#316188 326650 326737 326797 D103
1 57344180
2 24783
3 490
4 63
5 8
#316188 326650 326737 326907 327059
1 57500795
2 31477
3 738
4 147
5 16
#316188 326650 326737 326907 D103
1 45266756
2 23521
3 380
4 68
5 8
#316188 326650 326737 327059 D103
1 56810555
2 21068
3 628
4 80
5 10
#316188 326650 326780 326797 326907
1 70078920
2 49683
3 1669
4 110
5 11
#316188 326650 326780 326797 327059
1 81694389
2 12557
3 1064
4 177
5 16
#316188 326650 326780 326797 D103
1 69445159
2 12411
3 562
4 100
5 7
#316188 326650 326780 326907 327059
1 69525909
2 55529
3 1857
4 153
5 15
#316188 326650 326780 326907 D103
1 57291927
2 47684
3 1402
4 77
5 7
#316188 326650 326780 327059 D103
1 68911514
2 8693
3 722
4 107
5 9
#316188 326650 326797 326907 327059
1 66125080
2 21589
3 1037
4 229
5 17
#316188 326650 326797 326907 D103
1 53884870
2 16929
3 597
4 110
5 6
#316188 326650 326797 327059 D103
1 65425019
2 15836
3 1095
4 167
5 8
#316188 326650 326907 327059 D103
1 53342281
2 17614
3 780
4 133
5 9
#316188 326651 326713 326737 326780
1 167645532
2 41695
3 1807
4 210
5 21
#316188 326651 326713 326737 326797
1 164010301
2 122836
3 2416
4 278
5 20
#316188 326651 326713 326737 326907
1 152085155
2 46167
3 1871
4 242
5 21
#316188 326651 326713 326737 327059
1 163618759
2 46979
3 3158
4 381
5 31
#316188 326651 326713 326737 D103
1 151388019
2 39456
3 1638
4 146
5 12
#316188 326651 326713 326780 326797
1 176111368
2 110562
3 2437
4 281
5 20
#316188 326651 326713 326780 326907
1 164110598
2 70256
3 2884
4 228
5 19
#316188 326651 326713 326780 327059
1 175719763
2 34765
3 3150
4 399
5 25
#316188 326651 326713 326780 D103
1 163489250
2 27213
3 1563
4 162
5 14
#316188 326651 326713 326797 326907
1 160551368
2 114700
3 2587
4 320
5 21
#316188 326651 326713 326797 327059
1 172080618
2 117678
3 3750
4 560
5 29
#316188 326651 326713 326797 D103
1 159843489
2 113587
3 2188
4 239
5 9
#316188 326651 326713 326907 327059
1 160150352
2 43774
3 3171
4 447
5 30
#316188 326651 326713 326907 D103
1 147928781
2 31788
3 1604
4 189
5 9
#316188 326651 326713 327059 D103
1 159462214
2 32656
3 2947
4 312
5 10
#316188 326651 326737 326780 326797
1 117979341
2 102858
3 700
4 110
5 13
#316188 326651 326737 326780 326907
1 105972939
2 64617
3 1590
4 99
5 13
#316188 326651 326737 326780 327059
1 117588966
2 27276
3 966
4 152
5 15
#316188 326651 326737 326780 D103
1 105350760
2 21617
3 466
4 69
5 10
#316188 326651 326737 326797 326907
1 102419042
2 107067
3 929
4 134
5 10
#316188 326651 326737 326797 327059
1 113954805
2 108430
3 1241
4 194
5 16
#316188 326651 326737 326797 D103
1 101710119
2 106232
3 640
4 80
5 8
#316188 326651 326737 326907 327059
1 102019030
2 36559
3 1023
4 171
5 17
#316188 326651 326737 326907 D103
1 89789872
2 26401
3 532
4 75
5 7
#316188 326651 326737 327059 D103
1 101330189
2 25473
3 901
4 103
5 10
#316188 326651 326780 326797 326907
1 114444844
2 130941
3 1955
4 123
5 12
#316188 326651 326780 326797 327059
1 126056220
2 95898
3 1333
4 187
5 15
#316188 326651 326780 326797 D103
1 113811847
2 93600
3 662
4 96
5 8
#316188 326651 326780 326907 327059
1 114044807
2 60459
3 2034
4 167
5 17
#316188 326651 326780 326907 D103
1 101815964
2 50177
3 1503
4 83
5 8
#316188 326651 326780 327059 D103
1 113431783
2 12977
3 872
4 124
5 9
#316188 326651 326797 326907 327059
1 110486827
2 104698
3 1507
4 224
5 17
#316188 326651 326797 326907 D103
1 98251544
2 97833
3 897
4 102
5 7
#316188 326651 326797 327059 D103
1 109787484
2 98982
3 1287
4 170
5 10
#316188 326651 326907 327059 D103
1 97861849
2 22278
3 927
4 140
5 7
#316188 326713 326737 326780 326797
1 127618880
2 28446
3 838
4 116
5 12
#316188 326713 326737 326780 326907
1 115461302
2 65929
3 1649
4 95
5 13
#316188 326713 326737 326780 327059
1 127073723
2 30287
3 1100
4 145
5 14
#316188 326713 326737 326780 D103
1 114837716
2 23639
3 521
4 66
5 9
#316188 326713 326737 326797 326907
1 112059872
2 32299
3 893
4 122
5 12
#316188 326713 326737 326797 327059
1 123592642
2 34735
3 1500
4 175
5 16
#316188 326713 326737 326797 D103
1 111350146
2 31563
3 809
4 68
5 8
#316188 326713 326737 326907 327059
1 111505847
2 38485
3 1186
4 166
5 19
#316188 326713 326737 326907 D103
1 99278738
2 27477
3 579
4 71
5 8
#316188 326713 326737 327059 D103
1 110815301
2 28399
3 968
4 100
5 9
#316188 326713 326780 326797 326907
1 124085131
2 56291
3 2010
4 122
5 12
#316188 326713 326780 326797 327059
1 135693680
2 22235
3 1635
4 214
5 15
#316188 326713 326780 326797 D103
1 123451333
2 19090
3 867
4 114
5 7
#316188 326713 326780 326907 327059
1 123531109
2 62504
3 2257
4 190
5 16
#316188 326713 326780 326907 D103
1 111304137
2 51515
3 1599
4 87
5 7
#316188 326713 326780 327059 D103
1 122916480
2 15911
3 1052
4 136
5 8
#316188 326713 326797 326907 327059
1 120125669
2 30588
3 1662
4 238
5 18
#316188 326713 326797 326907 D103
1 107892240
2 23043
3 906
4 102
5 8
#316188 326713 326797 327059 D103
1 119425307
2 25182
3 1580
4 184
5 8
#316188 326713 326907 327059 D103
1 107348563
2 24141
3 1162
4 137
5 10
#316188 326737 326780 326797 326907
1 65926647
2 60128
3 1236
4 70
5 7
#316188 326737 326780 326797 327059
1 77543955
2 22434
3 463
4 91
5 9
#316188 326737 326780 326797 D103
1 65291518
2 23370
3 260
4 43
5 6
#316188 326737 326780 326907 327059
1 65375037
2 65432
3 1356
4 86
5 10
#316188 326737 326780 326907 D103
1 53137709
2 58813
3 1142
4 49
5 5
#316188 326737 326780 327059 D103
1 64759444
2 19002
3 326
4 54
5 7
#316188 326737 326797 326907 327059
1 61975561
2 30952
3 531
4 100
5 10
#316188 326737 326797 326907 D103
1 49732120
2 27475
3 281
4 46
5 6
#316188 326737 326797 327059 D103
1 61274089
2 25856
3 579
4 61
5 8
#316188 326737 326907 327059 D103
1 49191006
2 27577
3 375
4 61
5 7
#316188 326780 326797 326907 327059
1 74000813
2 55078
3 1553
4 106
5 10
#316188 326780 326797 326907 D103
1 61757587
2 51551
3 1261
4 56
5 5
#316188 326780 326797 327059 D103
1 73375290
2 13455
3 602
4 95
5 6
#316188 326780 326907 327059 D103
1 61216486
2 51642
3 1353
4 76
5 5
#316188 326797 326907 327059 D103
1 57806907
2 21990
3 667
4 95
5 7
#326650 326651 326713 326737 326780
1 176309141
2 44972
3 3466
4 580
5 114
#326650 326651 326713 326737 326797
1 172671142
2 127100
3 4170
4 744
5 138
#326650 326651 326713 326737 326907
1 160755848
2 45943
3 3466
4 612
5 136
#326650 326651 326713 326737 327059
1 172278609
2 51475
3 4880
4 944
5 196
#326650 326651 326713 326737 D103
1 160050007
2 43693
3 3247
4 525
5 68
#326650 326651 326713 326780 326797
1 184745911
2 127787
3 4197
4 829
5 144
#326650 326651 326713 326780 326907
1 172752265
2 85661
3 3629
4 690
5 124
#326650 326651 326713 326780 327059
1 184353317
2 52224
3 4880
4 1036
5 200
#326650 326651 326713 326780 D103
1 172124874
2 44380
3 3307
4 542
5 89
#326650 326651 326713 326797 326907
1 169192979
2 128410
3 4341
4 818
5 181
#326650 326651 326713 326797 327059
1 180711430
2 136217
3 5530
4 1195
5 292
#326650 326651 326713 326797 D103
1 168476394
2 131744
3 3984
4 726
5 115
#326650 326651 326713 326907 327059
1 168791051
2 57652
3 4931
4 1002
5 256
#326650 326651 326713 326907 D103
1 156571523
2 45415
3 3287
4 589
5 97
#326650 326651 326713 327059 D103
1 168094155
2 51020
3 4674
4 962
5 137
#326650 326651 326737 326780 326797
1 126669845
2 94312
3 1605
4 277
5 71
#326650 326651 326737 326780 326907
1 114671178
2 53881
3 1384
4 268
5 65
#326650 326651 326737 326780 327059
1 126278199
2 19019
3 1998
4 372
5 93
#326650 326651 326737 326780 D103
1 114043131
2 12629
3 1121
4 209
5 43
#326650 326651 326737 326797 326907
1 111116620
2 95018
3 1766
4 320
5 80
#326650 326651 326737 326797 327059
1 122640863
2 101457
3 2369
4 470
5 113
#326650 326651 326737 326797 D103
1 110399213
2 98518
3 1483
4 255
5 46
#326650 326651 326737 326907 327059
1 110715437
2 24731
3 1981
4 421
5 109
#326650 326651 326737 326907 D103
1 98489399
2 13797
3 1176
4 236
5 45
#326650 326651 326737 327059 D103
1 110017998
2 18037
3 1878
4 351
5 55
#326650 326651 326780 326797 326907
1 123113172
2 134697
3 1938
4 367
5 76
#326650 326651 326780 326797 327059
1 134715834
2 101970
3 2501
4 514
5 118
#326650 326651 326780 326797 D103
1 122474327
2 99046
3 1580
4 267
5 63
#326650 326651 326780 326907 327059
1 122711989
2 64406
3 2158
4 465
5 106
#326650 326651 326780 326907 D103
1 110486105
2 53447
3 1362
4 231
5 55
#326650 326651 326780 327059 D103
1 122093033
2 18631
3 1964
4 358
5 72
#326650 326651 326797 326907 327059
1 119153538
2 107269
3 2613
4 535
5 151
#326650 326651 326797 326907 D103
1 106921109
2 99769
3 1732
4 314
5 66
#326650 326651 326797 327059 D103
1 118445650
2 105865
3 2464
4 468
5 96
#326650 326651 326907 327059 D103
1 106530262
2 24382
3 1918
4 424
5 78
#326650 326713 326737 326780 326797
1 136285539
2 31151
3 2105
4 351
5 67
#326650 326713 326737 326780 326907
1 124135119
2 66935
3 1724
4 294
5 60
#326650 326713 326737 326780 327059
1 135739173
2 33208
3 2521
4 440
5 84
#326650 326713 326737 326780 D103
1 123505586
2 26465
3 1445
4 225
5 40
#326650 326713 326737 326797 326907
1 120733528
2 31585
3 2052
4 387
5 76
#326650 326713 326737 326797 327059
1 132255295
2 38691
3 2986
4 568
5 114
#326650 326713 326737 326797 D103
1 120015203
2 35310
3 1926
4 320
5 43
#326650 326713 326737 326907 327059
1 120178383
2 37923
3 2507
4 486
5 105
#326650 326713 326737 326907 D103
1 107953680
2 26779
3 1450
4 260
5 42
#326650 326713 326737 327059 D103
1 119479224
2 32205
3 2360
4 391
5 51
#326650 326713 326780 326797 326907
1 132729833
2 71158
3 2331
4 461
5 78
#326650 326713 326780 326797 327059
1 144330071
2 39168
3 3093
4 680
5 133
#326650 326713 326780 326797 D103
1 132090065
2 35771
3 2093
4 361
5 72
#326650 326713 326780 326907 327059
1 132174675
2 77547
3 2734
4 573
5 110
#326650 326713 326780 326907 D103
1 119950015
2 66443
3 1697
4 295
5 52
#326650 326713 326780 327059 D103
1 131554062
2 32695
3 2507
4 441
5 78
#326650 326713 326797 326907 327059
1 128769094
2 44078
3 3042
4 688
5 166
#326650 326713 326797 326907 D103
1 116538018
2 36236
3 2057
4 384
5 76
#326650 326713 326797 327059 D103
1 128060099
2 43072
3 3005
4 616
5 110
#326650 326713 326907 327059 D103
1 115993233
2 37451
3 2488
4 495
5 87
#326650 326737 326780 326797 326907
1 74629371
2 47592
3 882
4 145
5 46
#326650 326737 326780 326797 327059
1 86237167
2 12831
3 1231
4 216
5 64
#326650 326737 326780 326797 D103
1 73988594
2 12476
3 695
4 136
5 30
#326650 326737 326780 326907 327059
1 74076021
2 53585
3 1043
4 212
5 56
#326650 326737 326780 326907 D103
1 61842752
2 45466
3 593
4 116
5 28
#326650 326737 326780 327059 D103
1 73454659
2 8832
3 873
4 160
5 36
#326650 326737 326797 326907 327059
1 70675849
2 17864
3 1195
4 269
5 71
#326650 326737 326797 326907 D103
1 58436253
2 13045
3 689
4 163
5 30
#326650 326737 326797 327059 D103
1 69966001
2 17016
3 1262
4 222
5 40
#326650 326737 326907 327059 D103
1 57893403
2 13763
3 919
4 192
5 39
#326650 326780 326797 326907 327059
1 82672007
2 57641
3 1429
4 309
5 75
#326650 326780 326797 326907 D103
1 70432430
2 52941
3 860
4 181
5 38
#326650 326780 326797 327059 D103
1 82040741
2 17633
3 1408
4 240
5 62
#326650 326780 326907 327059 D103
1 69889615
2 53630
3 1090
4 217
5 46
#326650 326797 326907 327059 D103
1 66479433
2 22684
3 1362
4 294
5 65
#326651 326713 326737 326780 326797
1 180651073
2 111645
3 2940
4 408
5 87
#326651 326713 326737 326780 326907
1 168657463
2 69248
3 2399
4 369
5 72
#326651 326713 326737 326780 327059
1 180259277
2 35932
3 3577
4 570
5 107
#326651 326713 326737 326780 D103
1 168029095
2 28296
3 2077
4 287
5 48
#326651 326713 326737 326797 326907
1 165099051
2 111822
3 3035
4 473
5 89
#326651 326713 326737 326797 327059
1 176618161
2 119784
3 4157
4 748
5 128
#326651 326713 326737 326797 D103
1 164381379
2 115554
3 2721
4 389
5 49
#326651 326713 326737 326907 327059
1 164697853
2 40949
3 3592
4 608
5 123
#326651 326713 326737 326907 D103
1 152476612
2 28871
3 2112
4 317
5 47
#326651 326713 326737 327059 D103
1 163999924
2 34701
3 3396
4 516
5 62
#326651 326713 326780 326797 326907
1 177095565
2 151586
3 3191
4 499
5 85
#326651 326713 326780 326797 327059
1 188693021
2 120494
3 4195
4 793
5 132
#326651 326713 326780 326797 D103
1 176456409
2 116269
3 2712
4 408
5 66
#326651 326713 326780 326907 327059
1 176694331
2 80759
3 3729
4 628
5 124
#326651 326713 326780 326907 D103
1 164473267
2 68662
3 2222
4 310
5 58
#326651 326713 326780 327059 D103
1 176074880
2 35468
3 3398
4 513
5 84
#326651 326713 326797 326907 327059
1 173132005
2 125133
3 4342
4 804
5 160
#326651 326713 326797 326907 D103
1 160904342
2 116474
3 2847
4 439
5 69
#326651 326713 326797 327059 D103
1 172423650
2 124147
3 4136
4 680
5 111
#326651 326713 326907 327059 D103
1 160513433
2 40503
3 3421
4 558
5 87
#326651 326737 326780 326797 326907
1 118993641
2 129516
3 1229
4 189
5 50
#326651 326737 326780 326797 327059
1 130597630
2 96570
3 1639
4 256
5 70
#326651 326737 326780 326797 D103
1 118353642
2 94290
3 895
4 152
5 33
#326651 326737 326780 326907 327059
1 118593464
2 58976
3 1362
4 244
5 65
#326651 326737 326780 326907 D103
1 106365031
2 48691
3 771
4 134
5 32
#326651 326737 326780 327059 D103
1 117973459
2 13578
3 1176
4 191
5 42
#326651 326737 326797 326907 327059
1 115036198
2 101409
3 1780
4 303
5 76
#326651 326737 326797 326907 D103
1 102801277
2 94572
3 1105
4 164
5 35
#326651 326737 326797 327059 D103
1 114327070
2 100575
3 1596
4 256
5 46
#326651 326737 326907 327059 D103
1 102411483
2 18903
3 1221
4 208
5 44
#326651 326780 326797 326907 327059
1 127032933
2 141056
3 1956
4 311
5 77
#326651 326780 326797 326907 D103
1 114798233
2 134187
3 1219
4 173
5 41
#326651 326780 326797 327059 D103
1 126402396
2 101035
3 1711
4 233
5 65
#326651 326780 326907 327059 D103
1 114408379
2 58592
3 1296
4 223
5 51
#326651 326797 326907 327059 D103
1 110840979
2 105893
3 1829
4 294
5 63
#326713 326737 326780 326797 326907
1 128633246
2 55141
3 1320
4 199
5 46
#326713 326737 326780 326797 327059
1 140234319
2 23269
3 1950
4 293
5 66
#326713 326737 326780 326797 D103
1 127992380
2 20132
3 1101
4 184
5 29
#326713 326737 326780 326907 327059
1 128078976
2 61380
3 1617
4 266
5 60
#326713 326737 326780 326907 D103
1 115852446
2 50362
3 905
4 135
5 29
#326713 326737 326780 327059 D103
1 127457296
2 16954
3 1349
4 206
5 38
#326713 326737 326797 326907 327059
1 124674327
2 27598
3 1965
4 332
5 70
#326713 326737 326797 326907 D103
1 112441309
2 20027
3 1172
4 169
5 32
#326713 326737 326797 327059 D103
1 123964133
2 27115
3 1918
4 272
5 41
#326713 326737 326907 327059 D103
1 111897374
2 21179
3 1444
4 222
5 40
#326713 326780 326797 326907 327059
1 136670644
2 67345
3 2136
4 397
5 72
#326713 326780 326797 326907 D103
1 124437725
2 59811
3 1306
4 216
5 36
#326713 326780 326797 327059 D103
1 136039103
2 27616
3 2053
4 295
5 66
#326713 326780 326907 327059 D103
1 123893794
2 60974
3 1564
4 268
5 48
#326713 326797 326907 327059 D103
1 120479087
2 31972
3 2075
4 330
5 63
#326737 326780 326797 326907 327059
1 78551242
2 52988
3 789
4 125
5 48
#326737 326780 326797 326907 D103
1 66308728
2 49250
3 419
4 86
5 23
#326737 326780 326797 327059 D103
1 77918725
2 13510
3 749
4 123
5 31
#326737 326780 326907 327059 D103
1 65767277
2 49450
3 544
4 108
5 28
#326737 326797 326907 327059 D103
1 62358303
2 18063
3 804
4 130
5 33
#326780 326797 326907 327059 D103
1 74354666
2 57980
3 892
4 157
5 38
#316188 326650 326651 326713 326737 326780
1 182410521
2 60480
3 3619
4 640
5 121
6 19
#316188 326650 326651 326713 326737 326797
1 178774299
2 141705
3 4344
4 775
5 165
6 16
#316188 326650 326651 326713 326737 326907
1 166849254
2 65411
3 3637
4 662
5 151
6 19
#316188 326650 326651 326713 326737 327059
1 178381778
2 66031
3 5058
4 996
5 209
6 26
#316188 326650 326651 326713 326737 D103
1 166153266
2 58279
3 3393
4 575
5 91
6 10
#316188 326650 326651 326713 326780 326797
1 190874993
2 129441
3 4363
4 869
5 164
6 16
#316188 326650 326651 326713 326780 326907
1 178874365
2 89410
3 4713
4 749
5 134
6 18
#316188 326650 326651 326713 326780 327059
1 190482399
2 53842
3 5048
4 1085
5 220
6 21
#316188 326650 326651 326713 326780 D103
1 178254061
2 46004
3 3459
4 595
5 104
6 11
#316188 326650 326651 326713 326797 326907
1 175314067
2 134040
3 4515
4 862
5 199
6 18
#316188 326650 326651 326713 326797 327059
1 186842307
2 136916
3 5713
4 1239
5 312
6 24
#316188 326650 326651 326713 326797 D103
1 174607370
2 132466
3 4133
4 771
5 146
6 7
#316188 326650 326651 326713 326907 327059
1 174912133
2 63259
3 5101
4 1055
5 270
6 26
#316188 326650 326651 326713 326907 D103
1 162692714
2 51018
3 3456
4 621
5 131
6 7
#316188 326650 326651 326713 327059 D103
1 174225139
2 51685
3 4853
4 993
5 180
6 9
#316188 326650 326651 326737 326780 326797
1 132771637
2 109771
3 1713
4 299
5 81
6 12
#316188 326650 326651 326737 326780 326907
1 120766029
2 71381
3 2447
4 292
5 71
6 13
#316188 326650 326651 326737 326780 327059
1 132379958
2 34450
3 2124
4 397
5 104
6 15
#316188 326650 326651 326737 326780 D103
1 120145044
2 28041
3 1238
4 222
5 53
6 9
#316188 326650 326651 326737 326797 326907
1 117210431
2 114438
3 1894
4 330
5 103
6 9
#316188 326650 326651 326737 326797 327059
1 128744383
2 116012
3 2489
4 485
5 135
6 14
#316188 326650 326651 326737 326797 D103
1 116502893
2 113059
3 1564
4 288
5 59
6 7
#316188 326650 326651 326737 326907 327059
1 116809222
2 44124
3 2119
4 442
5 126
6 15
#316188 326650 326651 326737 326907 D103
1 104583335
2 33175
3 1294
4 254
5 63
6 6
#316188 326650 326651 326737 327059 D103
1 116121653
2 32531
3 1997
4 376
5 73
6 9
#316188 326650 326651 326780 326797 326907
1 129235697
2 138377
3 2989
4 387
5 88
6 11
#316188 326650 326651 326780 326797 327059
1 140845286
2 103572
3 2607
4 543
5 132
6 14
#316188 326650 326651 326780 326797 D103
1 128603952
2 100612
3 1675
4 292
5 75
6 7
#316188 326650 326651 326780 326907 327059
1 128834465
2 68089
3 3199
4 501
5 115
6 15
#316188 326650 326651 326780 326907 D103
1 116608749
2 57088
3 2411
4 247
5 68
6 7
#316188 326650 326651 326780 327059 D103
1 128222608
2 20190
3 2057
4 400
5 82
6 9
#316188 326650 326651 326797 326907 327059
1 125274981
2 112868
3 2715
4 568
5 166
6 15
#316188 326650 326651 326797 326907 D103
1 113042724
2 105328
3 1824
4 344
5 83
6 5
#316188 326650 326651 326797 327059 D103
1 124577003
2 106529
3 2557
4 501
5 118
6 7
#316188 326650 326651 326907 327059 D103
1 112651839
2 29921
3 2026
4 450
5 103
6 6
#316188 326650 326713 326737 326780 326797
1 142387192
2 46664
3 2226
4 370
5 79
6 11
#316188 326650 326713 326737 326780 326907
1 130229816
2 84514
3 2784
4 318
5 67
6 13
#316188 326650 326713 326737 326780 327059
1 141840798
2 48696
3 2651
4 466
5 97
6 14
#316188 326650 326713 326737 326780 D103
1 129607354
2 41944
3 1562
4 241
5 51
6 8
#316188 326650 326713 326737 326797 326907
1 126827202
2 51058
3 2191
4 401
5 93
6 11
#316188 326650 326713 326737 326797 327059
1 138358699
2 53282
3 3114
4 593
5 132
6 14
#316188 326650 326713 326737 326797 D103
1 126118759
2 49885
3 2029
4 353
5 54
6 7
#316188 326650 326713 326737 326907 327059
1 126272028
2 57373
3 2663
4 496
5 124
6 16
#316188 326650 326713 326737 326907 D103
1 114047463
2 46232
3 1570
4 277
5 59
6 7
#316188 326650 326713 326737 327059 D103
1 125582745
2 46755
3 2486
4 414
5 72
6 8
#316188 326650 326713 326780 326797 326907
1 138852225
2 74897
3 3383
4 484
5 90
6 11
#316188 326650 326713 326780 326797 327059
1 150459411
2 40804
3 3209
4 715
5 145
6 14
#316188 326650 326713 326780 326797 D103
1 138219560
2 37388
3 2196
4 386
5 86
6 6
#316188 326650 326713 326780 326907 327059
1 138297026
2 81280
3 3785
4 604
5 122
6 15
#316188 326650 326713 326780 326907 D103
1 126072521
2 70151
3 2744
4 310
5 69
6 6
#316188 326650 326713 326780 327059 D103
1 137683518
2 34294
3 2615
4 478
5 92
6 8
#316188 326650 326713 326797 326907 327059
1 134890434
2 49690
3 3182
4 709
5 182
6 16
#316188 326650 326713 326797 326907 D103
1 122659514
2 41828
3 2173
4 409
5 92
6 6
#316188 326650 326713 326797 327059 D103
1 134191343
2 43767
3 3109
4 655
5 130
6 7
#316188 326650 326713 326907 327059 D103
1 122114686
2 43038
3 2603
4 527
5 105
6 9
#316188 326650 326737 326780 326797 326907
1 80724695
2 64976
3 1884
4 156
5 58
6 7
#316188 326650 326737 326780 326797 327059
1 92339363
2 28162
3 1304
4 228
5 77
6 9
#316188 326650 326737 326780 326797 D103
1 80091025
2 27740
3 744
4 154
5 36
6 6
#316188 326650 326737 326780 326907 327059
1 80171259
2 70990
3 2044
4 234
5 65
6 10
#316188 326650 326737 326780 326907 D103
1 67938212
2 62809
3 1585
4 124
5 40
6 5
#316188 326650 326737 326780 327059 D103
1 79556995
2 24109
3 941
4 177
5 44
6 7
#316188 326650 326737 326797 326907 327059
1 76770053
2 37179
3 1262
4 289
5 86
6 9
#316188 326650 326737 326797 326907 D103
1 64530696
2 32271
3 755
4 182
5 39
6 5
#316188 326650 326737 326797 327059 D103
1 76070101
2 31417
3 1305
4 256
5 47
6 7
#316188 326650 326737 326907 327059 D103
1 63987756
2 33008
3 996
4 208
5 53
6 6
#316188 326650 326780 326797 326907 327059
1 88794944
2 61199
3 2427
4 332
5 84
6 10
#316188 326650 326780 326797 326907 D103
1 76555617
2 56404
3 1861
4 192
5 50
6 4
#316188 326650 326780 326797 327059 D103
1 88170804
2 19046
3 1467
4 263
5 72
6 6
#316188 326650 326780 326907 327059 D103
1 76012696
2 57126
3 2096
4 229
5 61
6 5
#316188 326650 326797 326907 327059 D103
1 72601478
2 28100
3 1414
4 324
5 76
6 6
#316188 326651 326713 326737 326780 326797
1 186752429
2 127175
3 3114
4 449
5 101
6 12
#316188 326651 326713 326737 326780 326907
1 174751859
2 86847
3 3508
4 419
5 81
6 13
#316188 326651 326713 326737 326780 327059
1 186360644
2 51400
3 3778
4 606
5 129
6 14
#316188 326651 326713 326737 326780 D103
1 174130562
2 43781
3 2264
4 320
5 60
6 9
#316188 326651 326713 326737 326797 326907
1 171192441
2 131292
3 3241
4 502
5 113
6 10
#316188 326651 326713 326737 326797 327059
1 182721318
2 134348
3 4350
4 793
5 150
6 15
#316188 326651 326713 326737 326797 D103
1 170484633
2 130144
3 2884
4 440
5 64
6 7
#316188 326651 326713 326737 326907 327059
1 170791244
2 60388
3 3787
4 660
5 139
6 17
#316188 326651 326713 326737 326907 D103
1 158570107
2 48321
3 2292
4 365
5 62
6 7
#316188 326651 326713 326737 327059 D103
1 170103190
2 49228
3 3584
4 564
5 86
6 8
#316188 326651 326713 326780 326797 326907
1 183217630
2 155362
3 4296
4 544
5 97
6 12
#316188 326651 326713 326780 326797 327059
1 194822086
2 122120
3 4384
4 837
5 152
6 14
#316188 326651 326713 326780 326797 D103
1 182585572
2 117918
3 2883
4 445
5 82
6 7
#316188 326651 326713 326780 326907 327059
1 182816392
2 84500
3 4839
4 677
5 141
6 15
#316188 326651 326713 326780 326907 D103
1 170595437
2 72406
3 3329
4 347
5 73
6 7
#316188 326651 326713 326780 327059 D103
1 182204046
2 37070
3 3570
4 568
5 102
6 8
#316188 326651 326713 326797 326907 327059
1 179253067
2 130752
3 4521
4 864
5 173
6 17
#316188 326651 326713 326797 326907 D103
1 167025516
2 122092
3 3019
4 493
5 81
6 7
#316188 326651 326713 326797 327059 D103
1 178554624
2 124821
3 4316
4 735
5 135
6 7
#316188 326651 326713 326907 327059 D103
1 166634602
2 46091
3 3592
4 614
5 111
6 7
#316188 326651 326737 326780 326797 326907
1 125088460
2 147077
3 2273
4 205
5 63
6 7
#316188 326651 326737 326780 326797 327059
1 136699357
2 112066
3 1734
4 285
5 84
6 9
#316188 326651 326737 326780 326797 D103
1 124455543
2 109756
3 981
4 170
5 42
6 6
#316188 326651 326737 326780 326907 327059
1 124688243
2 76514
3 2421
4 267
5 77
6 10
#316188 326651 326737 326780 326907 D103
1 112459967
2 66220
3 1812
4 142
5 45
6 5
#316188 326651 326737 326780 327059 D103
1 124075311
2 29023
3 1277
4 219
5 51
6 7
#316188 326651 326737 326797 326907 327059
1 121129949
2 120859
3 1893
4 333
5 92
6 9
#316188 326651 326737 326797 326907 D103
1 108895198
2 113992
3 1204
4 193
5 43
6 5
#316188 326651 326737 326797 327059 D103
1 120430704
2 115118
3 1692
4 292
5 56
6 7
#316188 326651 326737 326907 327059 D103
1 108505369
2 38292
3 1341
4 239
5 56
6 6
#316188 326651 326780 326797 326907 327059
1 133155374
2 144787
3 2994
4 339
5 88
6 10
#316188 326651 326780 326797 326907 D103
1 120920849
2 137887
3 2247
4 189
5 51
6 5
#316188 326651 326780 326797 327059 D103
1 132531952
2 102630
3 1809
4 260
5 77
6 6
#316188 326651 326780 326907 327059 D103
1 120530944
2 62274
3 2343
4 239
5 67
6 5
#316188 326651 326797 326907 327059 D103
1 116962532
2 111465
3 1938
4 325
5 75
6 6
#316188 326713 326737 326780 326797 326907
1 134727902
2 72784
3 2366
4 212
5 60
6 7
#316188 326713 326737 326780 326797 327059
1 146335925
2 38787
3 2086
4 307
5 84
6 8
#316188 326713 326737 326780 326797 D103
1 134094133
2 35654
3 1208
4 193
5 41
6 5
#316188 326713 326737 326780 326907 327059
1 134173596
2 79007
3 2663
4 294
5 72
6 10
#316188 326713 326737 326780 326907 D103
1 121947216
2 67984
3 1933
4 149
5 41
6 5
#316188 326713 326737 326780 327059 D103
1 133559012
2 32450
3 1464
4 231
5 49
6 6
#316188 326713 326737 326797 326907 327059
1 130767950
2 47084
3 2107
4 354
5 85
6 10
#316188 326713 326737 326797 326907 D103
1 118535083
2 39505
3 1288
4 194
5 38
6 6
#316188 326713 326737 326797 327059 D103
1 130067650
2 41684
3 2038
4 310
5 48
6 7
#316188 326713 326737 326907 327059 D103
1 117991111
2 40637
3 1570
4 251
5 51
6 7
#316188 326713 326780 326797 326907 327059
1 142792960
2 71123
3 3183
4 426
5 83
6 10
#316188 326713 326780 326797 326907 D103
1 130560201
2 63574
3 2335
4 236
5 45
6 5
#316188 326713 326780 326797 327059 D103
1 142168541
2 29244
3 2171
4 319
5 80
6 5
#316188 326713 326780 326907 327059 D103
1 130016229
2 64712
3 2613
4 287
5 64
6 5
#316188 326713 326797 326907 327059 D103
1 126600523
2 37579
3 2200
4 363
5 72
6 7
#316188 326737 326780 326797 326907 327059
1 84646485
2 70415
3 1784
4 144
5 58
6 6
#316188 326737 326780 326797 326907 D103
1 72404227
2 66587
3 1413
4 90
5 34
6 3
#316188 326737 326780 326797 327059 D103
1 84021083
2 28803
3 805
4 141
5 37
6 5
#316188 326737 326780 326907 327059 D103
1 71862661
2 66827
3 1536
4 122
5 38
6 4
#316188 326737 326797 326907 327059 D103
1 68452666
2 37328
3 867
4 159
5 35
6 6
#316188 326780 326797 326907 327059 D103
1 80477743
2 61517
3 1876
4 175
5 47
6 4
#326650 326651 326713 326737 326780 326797
1 195414275
2 130638
3 4805
4 1017
5 231
6 65
#326650 326651 326713 326737 326780 326907
1 183420800
2 88507
3 4204
4 864
5 217
6 59
#326650 326651 326713 326737 326780 327059
1 195021506
2 55093
3 5486
4 1216
5 302
6 82
#326650 326651 326713 326737 326780 D103
1 182793496
2 47177
3 3909
4 734
5 180
6 37
#326650 326651 326713 326737 326797 326907
1 179861332
2 131254
3 4954
4 992
5 274
6 71
#326650 326651 326713 326737 326797 327059
1 191379466
2 139085
3 6128
4 1427
5 363
6 103
#326650 326651 326713 326737 326797 D103
1 179144850
2 134544
3 4581
4 947
5 213
6 41
#326650 326651 326713 326737 326907 327059
1 179459233
2 60508
3 5547
4 1179
5 343
6 97
#326650 326651 326713 326737 326907 D103
1 167240131
2 48207
3 3890
4 767
5 201
6 39
#326650 326651 326713 326737 327059 D103
1 178762457
2 53816
3 5289
4 1142
5 281
6 48
#326650 326651 326713 326780 326797 326907
1 191857537
2 171020
3 5073
4 1102
5 292
6 66
#326650 326651 326713 326780 326797 327059
1 203453974
2 139857
3 6144
4 1491
5 413
6 101
#326650 326651 326713 326780 326797 D103
1 191219476
2 135300
3 4599
4 1019
5 219
6 55
#326650 326651 326713 326780 326907 327059
1 191455408
2 100294
3 5691
4 1247
5 380
6 90
#326650 326651 326713 326780 326907 D103
1 179236421
2 87972
3 4040
4 846
5 193
6 47
#326650 326651 326713 326780 327059 D103
1 190837007
2 54643
3 5282
4 1221
5 282
6 63
#326650 326651 326713 326797 326907 327059
1 187892053
2 144916
3 6365
4 1426
5 438
6 128
#326650 326651 326713 326797 326907 D103
1 175666495
2 135945
3 4756
4 995
5 256
6 58
#326650 326651 326713 326797 327059 D103
1 187184894
2 143454
3 6083
4 1386
5 375
6 81
#326650 326651 326713 326907 327059 D103
1 175274695
2 60091
3 5353
4 1165
5 340
6 67
#326650 326651 326737 326780 326797 326907
1 133783949
2 137041
3 2284
4 488
5 118
6 45
#326650 326651 326737 326780 326797 327059
1 145386162
2 104364
3 2901
4 660
5 157
6 62
#326650 326651 326737 326780 326797 D103
1 133145208
2 101356
3 1949
4 383
5 106
6 30
#326650 326651 326737 326780 326907 327059
1 133382558
2 66749
3 2534
4 581
5 164
6 55
#326650 326651 326737 326780 326907 D103
1 121157230
2 55723
3 1673
4 347
5 100
6 28
#326650 326651 326737 326780 327059 D103
1 132763727
2 20922
3 2346
4 493
5 131
6 35
#326650 326651 326737 326797 326907 327059
1 129823825
2 109690
3 2996
4 679
5 192
6 68
#326650 326651 326737 326797 326907 D103
1 117591941
2 102083
3 2129
4 391
5 134
6 28
#326650 326651 326737 326797 327059 D103
1 129116081
2 108195
3 2896
4 591
5 168
6 38
#326650 326651 326737 326907 327059 D103
1 117200926
2 26676
3 2303
4 546
5 148
6 37
#326650 326651 326780 326797 326907 327059
1 141820157
2 149344
3 3221
4 733
5 207
6 66
#326650 326651 326780 326797 326907 D103
1 129588352
2 141808
3 2285
4 459
5 123
6 36
#326650 326651 326780 326797 327059 D103
1 141190871
2 108813
3 2976
4 675
5 146
6 55
#326650 326651 326780 326907 327059 D103
1 129197319
2 66394
3 2504
4 569
5 156
6 42
#326650 326651 326797 326907 327059 D103
1 125628535
2 114148
3 3090
4 662
5 201
6 53
#326650 326713 326737 326780 326797 326907
1 143399778
2 73873
3 2690
4 586
5 133
6 40
#326650 326713 326737 326780 326797 327059
1 154999546
2 41917
3 3550
4 809
5 186
6 57
#326650 326713 326737 326780 326797 D103
1 142760089
2 38461
3 2487
4 476
5 125
6 26
#326650 326713 326737 326780 326907 327059
1 142844353
2 80291
3 3138
4 683
5 181
6 49
#326650 326713 326737 326780 326907 D103
1 130620292
2 69069
3 2058
4 410
5 101
6 25
#326650 326713 326737 326780 327059 D103
1 142223832
2 35420
3 2893
4 594
5 135
6 32
#326650 326713 326737 326797 326907 327059
1 139438574
2 46803
3 3509
4 805
5 224
6 63
#326650 326713 326737 326797 326907 D103
1 127208035
2 38908
3 2450
4 499
5 137
6 27
#326650 326713 326737 326797 327059 D103
1 138729707
2 45710
3 3523
4 722
5 189
6 35
#326650 326713 326737 326907 327059 D103
1 126662997
2 40156
3 2892
4 623
5 160
6 34
#326650 326713 326780 326797 326907 327059
1 151434688
2 86442
3 3723
4 899
5 262
6 62
#326650 326713 326780 326797 326907 D103
1 139204196
2 78553
3 2716
4 549
5 160
6 32
#326650 326713 326780 326797 327059 D103
1 150804319
2 46273
3 3621
4 824
5 197
6 54
#326650 326713 326780 326907 327059 D103
1 138659136
2 79857
3 3104
4 692
5 181
6 40
#326650 326713 326797 326907 327059 D103
1 135243316
2 51192
3 3575
4 826
5 231
6 56
#326650 326737 326780 326797 326907 327059
1 93344579
2 59381
3 1659
4 398
5 96
6 44
#326650 326737 326780 326797 326907 D103
1 81105866
2 54399
3 1058
4 241
5 69
6 21
#326650 326737 326780 326797 327059 D103
1 92713439
2 19346
3 1638
4 326
5 89
6 29
#326650 326737 326780 326907 327059 D103
1 80562661
2 55211
3 1294
4 295
5 83
6 25
#326650 326737 326797 326907 327059 D103
1 77152084
2 24411
3 1597
4 360
5 110
6 28
#326650 326780 326797 326907 327059 D103
1 89148072
2 64266
3 1815
4 399
5 120
6 34
#326651 326713 326737 326780 326797 326907
1 187764255
2 154382
3 3810
4 671
5 159
6 45
#326651 326713 326737 326780 326797 327059
1 199361365
2 123328
3 4794
4 1019
5 206
6 64
#326651 326713 326737 326780 326797 D103
1 187125194
2 119004
3 3390
4 569
5 138
6 29
#326651 326713 326737 326780 326907 327059
1 187362842
2 83577
3 4312
4 835
5 203
6 58
#326651 326713 326737 326780 326907 D103
1 175142220
2 71407
3 2834
4 496
5 112
6 29
#326651 326713 326737 326780 327059 D103
1 186743499
2 38218
3 4019
4 729
5 165
6 36
#326651 326713 326737 326797 326907 327059
1 183800327
2 127980
3 4925
4 1024
5 244
6 67
#326651 326713 326737 326797 326907 D103
1 171573112
2 119205
3 3500
4 623
5 141
6 30
#326651 326713 326737 326797 327059 D103
1 183092099
2 126911
3 4744
4 923
5 203
6 39
#326651 326713 326737 326907 327059 D103
1 171182027
2 43272
3 4006
4 792
5 169
6 39
#326651 326713 326780 326797 326907 327059
1 195796591
2 167772
3 5095
4 1066
5 260
6 65
#326651 326713 326780 326797 326907 D103
1 183569501
2 159018
3 3639
4 645
5 151
6 34
#326651 326713 326780 326797 327059 D103
1 195166819
2 127682
3 4767
4 976
5 194
6 55
#326651 326713 326780 326907 327059 D103
1 183178372
2 83112
3 4170
4 780
5 188
6 44
#326651 326713 326797 326907 327059 D103
1 179605766
2 132333
3 4930
4 965
5 235
6 53
#326651 326737 326780 326797 326907 327059
1 137703670
2 143379
3 2333
4 439
5 110
6 46
#326651 326737 326780 326797 326907 D103
1 125469520
2 136476
3 1534
4 259
5 76
6 23
#326651 326737 326780 326797 327059 D103
1 137073264
2 103301
3 2118
4 353
5 101
6 31
#326651 326737 326780 326907 327059 D103
1 125079509
2 60774
3 1698
4 319
5 94
6 28
#326651 326737 326797 326907 327059 D103
1 121511788
2 108185
3 2225
4 415
5 105
6 32
#326651 326780 326797 326907 327059 D103
1 133508374
2 147858
3 2437
4 398
5 119
6 36
#326713 326737 326780 326797 326907 327059
1 147340544
2 70017
3 2551
4 531
5 110
6 42
#326713 326737 326780 326797 326907 D103
1 135108194
2 62432
3 1665
4 307
5 75
6 20
#326713 326737 326780 326797 327059 D103
1 146709078
2 30283
3 2488
4 414
5 109
6 27
#326713 326737 326780 326907 327059 D103
1 134563997
2 63589
3 1981
4 370
5 93
6 25
#326713 326737 326797 326907 327059 D103
1 131149063
2 34609
3 2506
4 465
5 105
6 29
#326713 326780 326797 326907 327059 D103
1 143145247
2 74392
3 2710
4 474
5 143
6 30
#326737 326780 326797 326907 327059 D103
1 85028007
2 59453
3 1143
4 192
5 69
6 22
#316188 326650 326651 326713 326737 326780 326797
1 201515497
2 146182
3 4988
4 1058
5 249
6 74
7 11
#316188 326650 326651 326713 326737 326780 326907
1 189515064
2 106130
3 5300
4 928
5 232
6 63
7 13
#316188 326650 326651 326713 326737 326780 327059
1 201122733
2 70603
3 5659
4 1282
5 312
6 93
7 14
#316188 326650 326651 326713 326737 326780 D103
1 188894817
2 62701
3 4067
4 794
5 189
6 47
7 8
#316188 326650 326651 326713 326737 326797 326907
1 185954587
2 150752
3 5146
4 1048
5 276
6 91
7 9
#316188 326650 326651 326713 326737 326797 327059
1 197482479
2 153688
3 6313
4 1486
5 370
6 121
7 13
#316188 326650 326651 326713 326737 326797 D103
1 185247955
2 149170
3 4744
4 988
5 237
6 53
7 6
#316188 326650 326651 326713 326737 326907 327059
1 185552488
2 79982
3 5728
4 1250
5 348
6 111
7 15
#316188 326650 326651 326713 326737 326907 D103
1 173333484
2 67683
3 4076
4 807
5 220
6 53
7 6
#316188 326650 326651 326713 326737 327059 D103
1 184865575
2 68389
3 5460
4 1205
5 289
6 69
7 7
#316188 326650 326651 326713 326780 326797 326907
1 197979485
2 174802
3 6179
4 1154
5 307
6 75
7 11
#316188 326650 326651 326713 326780 326797 327059
1 209582904
2 141516
3 6324
4 1543
5 430
6 113
7 13
#316188 326650 326651 326713 326780 326797 D103
1 197348508
2 136968
3 4763
4 1064
5 237
6 67
7 6
#316188 326650 326651 326713 326780 326907 327059
1 197577346
2 104056
3 6798
4 1296
5 406
6 95
7 15
#316188 326650 326651 326713 326780 326907 D103
1 185358469
2 91727
3 5138
4 900
5 203
6 61
7 6
#316188 326650 326651 326713 326780 327059 D103
1 196966040
2 56269
3 5461
4 1260
5 312
6 73
7 8
#316188 326650 326651 326713 326797 326907 327059
1 194012986
2 150563
3 6542
4 1486
5 453
6 139
7 15
#316188 326650 326651 326713 326797 326907 D103
1 181787538
2 141586
3 4929
4 1040
5 275
6 73
7 5
#316188 326650 326651 326713 326797 327059 D103
1 193315723
2 144171
3 6261
4 1430
5 398
6 100
7 6
#316188 326650 326651 326713 326907 327059 D103
1 181395733
2 65705
3 5526
4 1220
5 353
6 89
7 6
#316188 326650 326651 326737 326780 326797 326907
1 139878618
2 154595
3 3362
4 509
5 126
6 55
7 7
#316188 326650 326651 326737 326780 326797 327059
1 151487738
2 119859
3 3034
4 684
5 169
6 72
7 9
#316188 326650 326651 326737 326780 326797 D103
1 139246941
2 116828
3 2065
4 401
5 121
6 35
7 6
#316188 326650 326651 326737 326780 326907 327059
1 139477190
2 84297
3 3604
4 618
5 172
6 63
7 10
#316188 326650 326651 326737 326780 326907 D103
1 127252015
2 73238
3 2749
4 366
5 106
6 38
7 5
#316188 326650 326651 326737 326780 327059 D103
1 138865426
2 36370
3 2472
4 523
5 143
6 42
7 7
#316188 326650 326651 326737 326797 326907 327059
1 135917423
2 129153
3 3135
4 707
5 201
6 83
7 8
#316188 326650 326651 326737 326797 326907 D103
1 123685698
2 121515
3 2257
4 409
5 151
6 37
7 4
#316188 326650 326651 326737 326797 327059 D103
1 135219547
2 122768
3 3007
4 618
5 187
6 47
7 6
#316188 326650 326651 326737 326907 327059 D103
1 123294658
2 46076
3 2449
4 570
5 161
6 50
7 5
#316188 326650 326651 326780 326797 326907 327059
1 147942458
2 153078
3 4282
4 756
5 227
6 71
7 10
#316188 326650 326651 326780 326797 326907 D103
1 135710823
2 145501
3 3333
4 490
5 128
6 47
7 4
#316188 326650 326651 326780 326797 327059 D103
1 147320270
2 110428
3 3084
4 703
5 165
6 62
7 6
#316188 326650 326651 326780 326907 327059 D103
1 135319742
2 70084
3 3554
4 605
5 164
6 54
7 5
#316188 326650 326651 326797 326907 327059 D103
1 131749932
2 119750
3 3203
4 688
5 222
6 63
7 5
#316188 326650 326713 326737 326780 326797 326907
1 149494304
2 91493
3 3767
4 614
5 137
6 51
7 7
#316188 326650 326713 326737 326780 326797 327059
1 161101005
2 57452
3 3684
4 851
5 187
6 71
7 8
#316188 326650 326713 326737 326780 326797 D103
1 148861692
2 53980
3 2612
4 501
5 134
6 34
7 5
#316188 326650 326713 326737 326780 326907 327059
1 148938847
2 97897
3 4222
4 710
5 193
6 57
7 10
#316188 326650 326713 326737 326780 326907 D103
1 136714926
2 86659
3 3136
4 423
5 112
6 34
7 5
#316188 326650 326713 326737 326780 327059 D103
1 148325404
2 50915
3 3031
4 622
5 147
6 41
7 6
#316188 326650 326713 326737 326797 326907 327059
1 145532062
2 66284
3 3683
4 824
5 235
6 76
7 9
#316188 326650 326713 326737 326797 326907 D103
1 133301666
2 58378
3 2599
4 515
5 154
6 34
7 5
#316188 326650 326713 326737 326797 327059 D103
1 144833063
2 60313
3 3645
4 756
5 207
6 43
7 6
#316188 326650 326713 326737 326907 327059 D103
1 132756596
2 59605
3 3058
4 637
5 177
6 45
7 6
#316188 326650 326713 326780 326797 326907 327059
1 157556879
2 90207
3 4800
4 923
5 280
6 68
7 10
#316188 326650 326713 326780 326797 326907 D103
1 145326542
2 82291
3 3780
4 572
5 170
6 42
7 4
#316188 326650 326713 326780 326797 327059 D103
1 156933607
2 47927
3 3727
4 870
5 206
6 65
7 5
#316188 326650 326713 326780 326907 327059 D103
1 144781437
2 83595
3 4161
4 729
5 188
6 53
7 5
#316188 326650 326713 326797 326907 327059 D103
1 141364611
2 56814
3 3708
4 856
5 249
6 65
7 6
#316188 326650 326737 326780 326797 326907 327059
1 99439610
2 76859
3 2669
4 422
5 103
6 53
7 6
#316188 326650 326737 326780 326797 326907 D103
1 87201124
2 71797
3 2067
4 258
5 73
6 30
7 3
#316188 326650 326737 326780 326797 327059 D103
1 98815567
2 34704
3 1701
4 350
5 99
6 34
7 5
#316188 326650 326737 326780 326907 327059 D103
1 86657830
2 72630
3 2310
4 313
5 90
6 34
7 4
#316188 326650 326737 326797 326907 327059 D103
1 83246225
2 43742
3 1668
4 381
5 127
6 32
7 5
#316188 326650 326780 326797 326907 327059 D103
1 95270946
2 67839
3 2821
4 418
5 132
6 41
7 4
#316188 326651 326713 326737 326780 326797 326907
1 193858487
2 172027
3 4928
4 724
5 166
6 57
7 7
#316188 326651 326713 326737 326780 326797 327059
1 205462569
2 138855
3 4983
4 1077
5 213
6 80
7 8
#316188 326651 326713 326737 326780 326797 D103
1 193226494
2 134551
3 3559
4 622
5 144
6 40
7 5
#316188 326651 326713 326737 326780 326907 327059
1 193457076
2 101182
3 5441
4 886
5 220
6 67
7 10
#316188 326651 326713 326737 326780 326907 D103
1 181236552
2 89028
3 3942
4 551
5 117
6 40
7 5
#316188 326651 326713 326737 326780 327059 D103
1 192844809
2 53705
3 4215
4 774
5 183
6 46
7 6
#316188 326651 326713 326737 326797 326907 327059
1 189893559
2 147471
3 5116
4 1090
5 252
6 82
7 9
#316188 326651 326713 326737 326797 326907 D103
1 177666449
2 138698
3 3687
4 670
5 160
6 37
7 5
#316188 326651 326713 326737 326797 327059 D103
1 189195205
2 141494
3 4928
4 974
5 227
6 48
7 6
#316188 326651 326713 326737 326907 327059 D103
1 177275366
2 62727
3 4198
4 845
5 190
6 49
7 6
#316188 326651 326713 326780 326797 326907 327059
1 201918497
2 171559
3 6207
4 1121
5 278
6 73
7 10
#316188 326651 326713 326780 326797 326907 D103
1 189691516
2 162805
3 4744
4 693
5 164
6 42
7 5
#316188 326651 326713 326780 326797 327059 D103
1 201295830
2 129330
3 4945
4 1030
5 210
6 67
7 5
#316188 326651 326713 326780 326907 327059 D103
1 189300383
2 86862
3 5285
4 829
5 205
6 56
7 5
#316188 326651 326713 326797 326907 327059 D103
1 185726783
2 137966
3 5101
4 1028
5 255
6 62
7 6
#316188 326651 326737 326780 326797 326907 327059
1 143798261
2 160986
3 3389
4 469
5 121
6 55
7 6
#316188 326651 326737 326780 326797 326907 D103
1 131564277
2 154051
3 2580
4 286
5 78
6 33
7 3
#316188 326651 326737 326780 326797 327059 D103
1 143174934
2 118805
3 2224
4 380
5 116
6 36
7 5
#316188 326651 326737 326780 326907 327059 D103
1 131174225
2 78327
3 2763
4 344
5 103
6 37
7 4
#316188 326651 326737 326797 326907 327059 D103
1 127605487
2 127642
3 2343
4 447
5 123
6 36
7 5
#316188 326651 326780 326797 326907 327059 D103
1 139630764
2 151592
3 3486
4 425
5 130
6 44
7 4
#316188 326713 326737 326780 326797 326907 327059
1 153435006
2 87663
3 3634
4 551
5 123
6 51
7 6
#316188 326713 326737 326780 326797 326907 D103
1 141202802
2 80072
3 2720
4 332
5 77
6 30
7 3
#316188 326713 326737 326780 326797 327059 D103
1 152810635
2 45806
3 2625
4 440
5 119
6 35
7 4
#316188 326713 326737 326780 326907 327059 D103
1 140658565
2 81216
3 3042
4 398
5 102
6 34
7 4
#316188 326713 326737 326797 326907 327059 D103
1 137242644
2 54091
3 2657
4 487
5 127
6 30
7 6
#316188 326713 326780 326797 326907 327059 D103
1 149267518
2 78168
3 3767
4 505
5 153
6 38
7 4
#316188 326737 326780 326797 326907 327059 D103
1 91123177
2 76905
3 2135
4 221
5 72
6 29
7 3
#326650 326651 326713 326737 326780 326797 326907
1 202525676
2 173935
3 5680
4 1275
5 379
6 111
7 40
#326650 326651 326713 326737 326780 326797 327059
1 214121779
2 142810
3 6744
4 1708
5 503
6 142
7 56
#326650 326651 326713 326737 326780 326797 D103
1 201887710
2 138164
3 5220
4 1210
5 303
6 101
7 26
#326650 326651 326713 326737 326780 326907 327059
1 202123372
2 103234
3 6283
4 1445
5 454
6 147
7 49
#326650 326651 326713 326737 326780 326907 D103
1 189904822
2 90829
3 4639
4 1013
5 285
6 89
7 25
#326650 326651 326713 326737 326780 327059 D103
1 201505084
2 57510
3 5913
4 1393
5 390
6 116
7 31
#326650 326651 326713 326737 326797 326907 327059
1 198559848
2 147861
3 6977
4 1629
5 529
6 170
7 61
#326650 326651 326713 326737 326797 326907 D103
1 186334712
2 138812
3 5362
4 1203
5 321
6 119
7 25
#326650 326651 326713 326737 326797 327059 D103
1 197852816
2 146329
3 6690
4 1621
5 455
6 147
7 34
#326650 326651 326713 326737 326907 327059 D103
1 185942756
2 62965
3 5967
4 1353
5 431
6 130
7 33
#326650 326651 326713 326780 326797 326907 327059
1 210555849
2 187657
3 7120
4 1708
5 568
6 186
7 56
#326650 326651 326713 326780 326797 326907 D103
1 198330784
2 178637
3 5477
4 1300
5 343
6 118
7 30
#326650 326651 326713 326780 326797 327059 D103
1 209927162
2 147194
3 6684
4 1684
5 508
6 135
7 47
#326650 326651 326713 326780 326907 327059 D103
1 197938787
2 102818
3 6091
4 1445
5 437
6 141
7 36
#326650 326651 326713 326797 326907 327059 D103
1 194365205
2 152262
3 6923
4 1615
5 516
6 174
7 46
#326650 326651 326737 326780 326797 326907 327059
1 152490207
2 151829
3 3601
4 881
5 267
6 85
7 43
#326650 326651 326737 326780 326797 326907 D103
1 140258950
2 144183
3 2657
4 571
5 171
6 64
7 21
#326650 326651 326737 326780 326797 327059 D103
1 151861054
2 111214
3 3409
4 797
5 218
6 77
7 29
#326650 326651 326737 326780 326907 327059 D103
1 139867737
2 68754
3 2893
4 695
5 213
6 75
7 25
#326650 326651 326737 326797 326907 327059 D103
1 136298671
2 116577
3 3501
4 808
5 244
6 95
7 27
#326650 326651 326780 326797 326907 327059 D103
1 148294849
2 156293
3 3722
4 860
5 263
6 91
7 33
#326650 326713 326737 326780 326797 326907 327059
1 162103930
2 89241
3 4173
4 1032
5 323
6 91
7 38
#326650 326713 326737 326780 326797 326907 D103
1 149873982
2 81279
3 3100
4 681
5 205
6 65
7 18
#326650 326713 326737 326780 326797 327059 D103
1 161473660
2 49025
3 4095
4 955
5 260
6 85
7 25
#326650 326713 326737 326780 326907 327059 D103
1 149328675
2 82609
3 3516
4 824
5 239
6 76
7 22
#326650 326713 326737 326797 326907 327059 D103
1 145912655
2 53923
3 4058
4 955
5 287
6 97
7 25
#326650 326713 326780 326797 326907 327059 D103
1 157908620
2 93627
3 4280
4 1036
5 311
6 112
7 28
#326650 326737 326780 326797 326907 327059 D103
1 99820433
2 66055
3 2064
4 487
5 150
6 56
7 21
#326651 326713 326737 326780 326797 326907 327059
1 206464704
2 170685
3 5670
4 1285
5 346
6 100
7 41
#326651 326713 326737 326780 326797 326907 D103
1 194238057
2 161827
3 4263
4 830
5 216
6 70
7 20
#326651 326713 326737 326780 326797 327059 D103
1 205835049
2 130512
3 5389
4 1191
5 282
6 92
7 27
#326651 326713 326737 326780 326907 327059 D103
1 193846764
2 85941
3 4748
4 1007
5 260
6 84
7 25
#326651 326713 326737 326797 326907 327059 D103
1 190273966
2 135193
3 5510
4 1199
5 322
6 93
7 28
#326651 326713 326780 326797 326907 327059 D103
1 202270102
2 175029
3 5674
4 1263
5 303
6 114
7 29
#326651 326737 326780 326797 326907 327059 D103
1 144178958
2 150192
3 2822
4 550
5 145
6 64
7 22
#326713 326737 326780 326797 326907 327059 D103
1 153814994
2 77083
3 3120
4 641
5 166
6 62
7 19
#316188 326650 326651 326713 326737 326780 326797 326907
1 208619792
2 191587
3 6798
4 1340
5 390
6 117
7 49
8 7
#316188 326650 326651 326713 326737 326780 326797 327059
1 220222854
2 158363
3 6929
4 1771
5 521
6 145
7 68
8 8
#316188 326650 326651 326713 326737 326780 326797 D103
1 207988880
2 153727
3 5394
4 1262
5 318
6 110
7 33
8 5
#316188 326650 326651 326713 326737 326780 326907 327059
1 208217484
2 120864
3 7399
4 1510
5 475
6 152
7 56
8 10
#316188 326650 326651 326713 326737 326780 326907 D103
1 195999033
2 108459
3 5747
4 1078
5 294
6 97
7 33
8 5
#316188 326650 326651 326713 326737 326780 327059 D103
1 207606260
2 73034
3 6086
4 1462
5 401
6 127
7 39
8 6
#316188 326650 326651 326713 326737 326797 326907 327059
1 204652954
2 167377
3 7164
4 1705
5 540
6 174
7 75
8 8
#316188 326650 326651 326713 326737 326797 326907 D103
1 192427921
2 158321
3 5556
4 1255
5 332
6 133
7 33
8 4
#316188 326650 326651 326713 326737 326797 327059 D103
1 203955779
2 160955
3 6864
4 1682
5 470
6 160
7 44
8 5
#316188 326650 326651 326713 326737 326907 327059 D103
1 192035966
2 82447
3 6150
4 1428
5 435
6 144
7 44
8 5
#316188 326650 326651 326713 326780 326797 326907 327059
1 216677642
2 191455
3 8236
4 1768
5 583
6 200
7 60
8 10
#316188 326650 326651 326713 326780 326797 326907 D103
1 204452687
2 182428
3 6583
4 1357
5 357
6 126
7 39
8 4
#316188 326650 326651 326713 326780 326797 327059 D103
1 216056044
2 148868
3 6865
4 1731
5 532
6 145
7 56
8 5
#316188 326650 326651 326713 326780 326907 327059 D103
1 204060681
2 106585
3 7202
4 1501
5 456
6 150
7 46
8 5
#316188 326650 326651 326713 326797 326907 327059 D103
1 200486095
2 157923
3 7093
4 1682
5 527
6 190
7 55
8 5
#316188 326650 326651 326737 326780 326797 326907 327059
1 158584663
2 169432
3 4688
4 909
5 282
6 90
7 51
8 6
#316188 326650 326651 326737 326780 326797 326907 D103
1 146353564
2 161749
3 3738
4 595
5 182
6 68
7 29
8 3
#316188 326650 326651 326737 326780 326797 327059 D103
1 157962575
2 126726
3 3540
4 824
5 232
6 87
7 33
8 5
#316188 326650 326651 326737 326780 326907 327059 D103
1 145962315
2 86309
3 3974
4 731
5 222
6 81
7 33
8 4
#316188 326650 326651 326737 326797 326907 327059 D103
1 142392221
2 136047
3 3647
4 832
5 260
6 106
7 33
8 4
#316188 326650 326651 326780 326797 326907 327059 D103
1 154417102
2 160035
3 4785
4 890
5 277
6 100
7 39
8 4
#316188 326650 326713 326737 326780 326797 326907 327059
1 168198269
2 106880
3 5272
4 1068
5 331
6 98
7 46
8 6
#316188 326650 326713 326737 326780 326797 326907 D103
1 155968464
2 98895
3 4193
4 704
5 216
6 69
7 26
8 3
#316188 326650 326713 326737 326780 326797 327059 D103
1 167575069
2 64575
3 4224
4 1000
5 269
6 92
7 32
8 4
#316188 326650 326713 326737 326780 326907 327059 D103
1 155423122
2 100213
3 4616
4 849
5 252
6 82
7 30
8 4
#316188 326650 326713 326737 326797 326907 327059 D103
1 152006100
2 73411
3 4228
4 984
5 295
6 113
7 28
8 5
#316188 326650 326713 326780 326797 326907 327059 D103
1 164030764
2 97406
3 5344
4 1081
5 317
6 123
7 34
8 4
#316188 326650 326737 326780 326797 326907 327059 D103
1 105915402
2 83549
3 3079
4 510
5 162
6 60
7 27
8 3
#316188 326651 326713 326737 326780 326797 326907 327059
1 212558781
2 188346
3 6784
4 1362
5 351
6 111
7 49
8 6
#316188 326651 326713 326737 326780 326797 326907 D103
1 200332236
2 179491
3 5371
4 892
5 228
6 73
7 29
8 3
#316188 326651 326713 326737 326780 326797 327059 D103
1 211936201
2 146059
3 5568
4 1257
5 292
6 103
7 34
8 4
#316188 326651 326713 326737 326780 326907 327059 D103
1 199940946
2 103559
3 5878
4 1061
5 278
6 91
7 33
8 4
#316188 326651 326713 326737 326797 326907 327059 D103
1 196367151
2 154701
3 5692
4 1270
5 332
6 110
7 31
8 5
#316188 326651 326713 326780 326797 326907 327059 D103
1 208391963
2 178826
3 6785
4 1321
5 322
6 122
7 36
8 4
#316188 326651 326737 326780 326797 326907 327059 D103
1 150273495
2 167809
3 3882
4 583
5 158
6 69
7 28
8 3
#316188 326713 326737 326780 326797 326907 327059 D103
1 159909411
2 94732
3 4204
4 670
5 179
6 67
7 25
8 3
#326650 326651 326713 326737 326780 326797 326907 327059
1 221223427
2 190688
3 7708
4 1927
5 651
6 236
7 80
8 38
#326650 326651 326713 326737 326780 326797 326907 D103
1 208998795
2 181564
3 6094
4 1482
5 431
6 155
7 61
8 18
#326650 326651 326713 326737 326780 326797 327059 D103
1 220594864
2 150133
3 7320
4 1886
5 603
6 185
7 75
8 25
#326650 326651 326713 326737 326780 326907 327059 D103
1 208606641
2 105755
3 6710
4 1625
5 535
6 184
7 70
8 22
#326650 326651 326713 326737 326797 326907 327059 D103
1 205032885
2 155217
3 7540
4 1822
5 619
6 208
7 87
8 24
#326650 326651 326713 326780 326797 326907 327059 D103
1 217028738
2 195096
3 7647
4 1934
5 635
6 224
7 89
8 27
#326650 326651 326737 326780 326797 326907 327059 D103
1 158964755
2 158787
3 4125
4 1011
5 321
6 118
7 53
8 21
#326650 326713 326737 326780 326797 326907 327059 D103
1 168577723
2 96444
3 4726
4 1194
5 367
6 140
7 52
8 18
#326651 326713 326737 326780 326797 326907 327059 D103
1 212938100
2 177947
3 6260
4 1474
5 414
6 133
7 59
8 19
#316188 326650 326651 326713 326737 326780 326797 326907 327059
1 227317394
2 208357
3 8831
4 1998
5 674
6 238
7 87
8 45
9 6
#316188 326650 326651 326713 326737 326780 326797 326907 D103
1 215092865
2 199226
3 7213
4 1549
5 444
6 162
7 66
8 25
9 3
#316188 326650 326651 326713 326737 326780 326797 327059 D103
1 226695889
2 165707
3 7497
4 1952
5 623
6 191
7 83
8 31
9 4
#316188 326650 326651 326713 326737 326780 326907 327059 D103
1 214700708
2 123392
3 7827
4 1700
5 549
6 192
7 76
8 29
9 4
#316188 326650 326651 326713 326737 326797 326907 327059 D103
1 211125947
2 174748
3 7721
4 1902
5 630
6 215
7 99
8 29
9 4
#316188 326650 326651 326713 326780 326797 326907 327059 D103
1 223150488
2 198906
3 8760
4 1995
5 658
6 229
7 99
8 32
9 4
#316188 326650 326651 326737 326780 326797 326907 327059 D103
1 165059162
2 176398
3 5219
4 1036
5 341
6 122
7 59
8 26
9 3
#316188 326650 326713 326737 326780 326797 326907 327059 D103
1 174672018
2 114090
3 5825
4 1234
5 378
6 146
7 58
8 23
9 3
#316188 326651 326713 326737 326780 326797 326907 327059 D103
1 219032130
2 195622
3 7372
4 1548
5 430
6 139
7 66
8 24
9 3
#326650 326651 326713 326737 326780 326797 326907 327059 D103
1 227696212
2 198116
3 8273
4 2123
5 748
6 264
7 113
8 50
9 18
#316188 326650 326651 326713 326737 326780 326797 326907 327059 D103
1 233790135
2 215799
3 9390
4 2202
5 765
6 275
7 114
8 58
9 22
10 3
