316188, 326650, 326651, 326713, 326737, 326780, 326797, 326907, 327059, D103: 0.022265437976687747
316188, 326650, 326651, 326713, 326737, 326780, 326797, 326907, 327059: 0.03075443938392164
316188, 326650, 326651, 326713, 326737, 326780, 326797, 326907, D103: 0.024205781155484066
316188, 326650, 326651, 326713, 326737, 326780, 326797, 326907: 0.03395600562893556
316188, 326650, 326651, 326713, 326737, 326780, 326797, 327059, D103: 0.02881409620512532
316188, 326650, 326651, 326713, 326737, 326780, 326797, 327059: 0.04317263572821807
316188, 326650, 326651, 326713, 326737, 326780, 326797, D103: 0.03182162813225961
316188, 326650, 326651, 326713, 326737, 326780, 326797: 0.04972129395665564
316188, 326650, 326651, 326713, 326737, 326780, 326907, 327059, D103: 0.024787884109122957
316188, 326650, 326651, 326713, 326737, 326780, 326907, 327059: 0.0353627544335629
316188, 326650, 326651, 326713, 326737, 326780, 326907, D103: 0.027116295923678542
316188, 326650, 326651, 326713, 326737, 326780, 326907: 0.03977703516532451
316188, 326650, 326651, 326713, 326737, 326780, 327059, D103: 0.032112679609079056
316188, 326650, 326651, 326713, 326737, 326780, 327059: 0.05083699128446352
316188, 326650, 326651, 326713, 326737, 326780, D103: 0.03628441744349114
316188, 326650, 326651, 326713, 326737, 326780: 0.061654404506253
316188, 326650, 326651, 326713, 326737, 326797, 326907, 327059, D103: 0.024496832632303515
316188, 326650, 326651, 326713, 326737, 326797, 326907, 327059: 0.03492617721833372
316188, 326650, 326651, 326713, 326737, 326797, 326907, D103: 0.02667971870844937
316188, 326650, 326651, 326713, 326737, 326797, 326907: 0.03890388073486618
316188, 326650, 326651, 326713, 326737, 326797, 327059, D103: 0.032209696768018874
316188, 326650, 326651, 326713, 326737, 326797, 327059: 0.051273568499692695
316188, 326650, 326651, 326713, 326737, 326797, D103: 0.0366239774997805
316188, 326650, 326651, 326713, 326737, 326797: 0.06141186160890346
316188, 326650, 326651, 326713, 326737, 326907, 327059, D103: 0.02750436455943781
316188, 326650, 326651, 326713, 326737, 326907, 327059: 0.0408927324931324
316188, 326650, 326651, 326713, 326737, 326907, D103: 0.030123827850812836
316188, 326650, 326651, 326713, 326737, 326907: 0.04661674487058154
316188, 326650, 326651, 326713, 326737, 327059, D103: 0.03657546892031059
316188, 326650, 326651, 326713, 326737, 327059: 0.06296413615194052
316188, 326650, 326651, 326713, 326737, D103: 0.04249351561563936
316188, 326650, 326651, 326713, 326737: 0.08091231055580644
316188, 326650, 326651, 326713, 326780, 326797, 326907, 327059, D103: 0.029153656261414675
316188, 326650, 326651, 326713, 326780, 326797, 326907, 327059: 0.043124127148748165
316188, 326650, 326651, 326713, 326780, 326797, 326907, D103: 0.03245223966536842
316188, 326650, 326651, 326713, 326780, 326797, 326907: 0.049866819695065366
316188, 326650, 326651, 326713, 326780, 326797, 327059, D103: 0.03943747510903516
316188, 326650, 326651, 326713, 326780, 326797, 327059: 0.06597166807907481
316188, 326650, 326651, 326713, 326780, 326797, D103: 0.04554955612224356
316188, 326650, 326651, 326713, 326780, 326797: 0.08261011083725323
316188, 326650, 326651, 326713, 326780, 326907, 327059, D103: 0.03303434261900731
316188, 326650, 326651, 326713, 326780, 326907, 327059: 0.05146760281757233
316188, 326650, 326651, 326713, 326780, 326907, D103: 0.03730309761235921
316188, 326650, 326651, 326713, 326780, 326907: 0.061654404506253
316188, 326650, 326651, 326713, 326780, 327059, D103: 0.04647121913217181
316188, 326650, 326651, 326713, 326780, 327059: 0.08416238538029028
316188, 326650, 326651, 326713, 326780, D103: 0.05534828917516496
316188, 326650, 326651, 326713, 326780: 0.11617804783042954
316188, 326650, 326651, 326713, 326797, 326907, 327059, D103: 0.03259776540377814
316188, 326650, 326651, 326713, 326797, 326907, 327059: 0.05122505992022279
316188, 326650, 326651, 326713, 326797, 326907, D103: 0.0366239774997805
316188, 326650, 326651, 326713, 326797, 326907: 0.06068423291685485
316188, 326650, 326651, 326713, 326797, 327059, D103: 0.04569508186065328
316188, 326650, 326651, 326713, 326797, 327059: 0.08566615134385742
316188, 326650, 326651, 326713, 326797, D103: 0.05500872911887562
316188, 326650, 326651, 326713, 326797: 0.11506235050262165
316188, 326650, 326651, 326713, 326907, 327059, D103: 0.0378366919865282
316188, 326650, 326651, 326713, 326907, 327059: 0.06378878200292895
316188, 326650, 326651, 326713, 326907, D103: 0.043124127148748165
316188, 326650, 326651, 326713, 326907: 0.07965108748958884
316188, 326650, 326651, 326713, 327059, D103: 0.055930392128803866
316188, 326650, 326651, 326713, 327059: 0.12020425992643188
316188, 326650, 326651, 326713, D103: 0.07053147454924616
316188, 326650, 326651, 326713: 0.19151187174719655
316188, 326650, 326651, 326737, 326780, 326797, 326907, 327059, D103: 0.022556489453507196
316188, 326650, 326651, 326737, 326780, 326797, 326907, 327059: 0.031239525178620716
316188, 326650, 326651, 326737, 326780, 326797, 326907, D103: 0.02459384979124333
316188, 326650, 326651, 326737, 326780, 326797, 326907: 0.03473214290045409
316188, 326650, 326651, 326737, 326780, 326797, 327059, D103: 0.029250673420354492
316188, 326650, 326651, 326737, 326780, 326797, 327059: 0.0439972815792065
316188, 326650, 326651, 326737, 326780, 326797, D103: 0.032500748244838326
316188, 326650, 326651, 326737, 326780, 326797: 0.051273568499692695
316188, 326650, 326651, 326737, 326780, 326907, 327059, D103: 0.025127444165412318
316188, 326650, 326651, 326737, 326780, 326907, 327059: 0.0359933659666717
316188, 326650, 326651, 326737, 326780, 326907, D103: 0.027698398877317437
316188, 326650, 326651, 326737, 326780, 326907: 0.0408927324931324
316188, 326650, 326651, 326737, 326780, 327059, D103: 0.03264627398324804
316188, 326650, 326651, 326737, 326780, 327059: 0.05195268861227141
316188, 326650, 326651, 326737, 326780, D103: 0.03735160619182912
316188, 326650, 326651, 326737, 326780: 0.06432237637709794
316188, 326650, 326651, 326737, 326797, 326907, 327059, D103: 0.024884901268062774
316188, 326650, 326651, 326737, 326797, 326907, 327059: 0.035556788751442525
316188, 326650, 326651, 326737, 326797, 326907, D103: 0.02716480450314845
316188, 326650, 326651, 326737, 326797, 326907: 0.039922560903734236
316188, 326650, 326651, 326737, 326797, 327059, D103: 0.03274329114218786
316188, 326650, 326651, 326737, 326797, 327059: 0.05258330014538021
316188, 326650, 326651, 326737, 326797, D103: 0.037448623350768935
316188, 326650, 326651, 326737, 326797: 0.06398281632080857
316188, 326650, 326651, 326737, 326907, 327059, D103: 0.027989450354136886
316188, 326650, 326651, 326737, 326907, 327059: 0.041814395503060646
316188, 326650, 326651, 326737, 326907, D103: 0.030899965122331362
316188, 326650, 326651, 326737, 326907: 0.048314545152028314
316188, 326650, 326651, 326737, 327059, D103: 0.03730309761235921
316188, 326650, 326651, 326737, 327059: 0.06509851364861646
316188, 326650, 326651, 326737, D103: 0.0439972815792065
316188, 326650, 326651, 326737: 0.08649079719484586
316188, 326650, 326651, 326780, 326797, 326907, 327059, D103: 0.02963874205611376
316188, 326650, 326651, 326780, 326797, 326907, 327059: 0.04409429873814632
316188, 326650, 326651, 326780, 326797, 326907, D103: 0.03313135977794713
316188, 326650, 326651, 326780, 326797, 326907: 0.05161312855598205
316188, 326650, 326651, 326780, 326797, 327059, D103: 0.04035913811896341
316188, 326650, 326651, 326780, 326797, 327059: 0.06825157131416047
316188, 326650, 326651, 326780, 326797, D103: 0.04705332208581071
316188, 326650, 326651, 326780, 326797: 0.08712140872795467
316188, 326650, 326651, 326780, 326907, 327059, D103: 0.033664954152116115
316188, 326650, 326651, 326780, 326907, 327059: 0.05297136878113948
316188, 326650, 326651, 326780, 326907, D103: 0.03832177778122727
316188, 326650, 326651, 326780, 326907: 0.06490447933073684
316188, 326650, 326651, 326780, 327059, D103: 0.047974985095738956
316188, 326650, 326651, 326780, 327059: 0.08872219185046164
316188, 326650, 326651, 326780, D103: 0.05791924388707008
316188, 326650, 326651, 326780: 0.1275775640058579
316188, 326650, 326651, 326797, 326907, 327059, D103: 0.03322837693688695
316188, 326650, 326651, 326797, 326907, 327059: 0.05272882588378994
316188, 326650, 326651, 326797, 326907, D103: 0.037545640509708746
316188, 326650, 326651, 326797, 326907: 0.0634977305261095
316188, 326650, 326651, 326797, 327059, D103: 0.04681077918846117
316188, 326650, 326651, 326797, 327059: 0.09017744923455887
316188, 326650, 326651, 326797, D103: 0.05748266667184092
316188, 326650, 326651, 326797: 0.12670440957539955
316188, 326650, 326651, 326907, 327059, D103: 0.03875835499645645
316188, 326650, 326651, 326907, 327059: 0.0664567538737739
316188, 326650, 326651, 326907, D103: 0.04467640169178522
316188, 326650, 326651, 326907: 0.08634527145643614
316188, 326650, 326651, 327059, D103: 0.058355821102299255
316188, 326650, 326651, 327059: 0.13228289621443895
316188, 326650, 326651, D103: 0.07581890971146613
316188, 326650, 326651: 0.23657634207474104
316188, 326650, 326713, 326737, 326780, 326797, 326907, 327059, D103: 0.022750523771386824
316188, 326650, 326713, 326737, 326780, 326797, 326907, 327059: 0.03138505091703044
316188, 326650, 326713, 326737, 326780, 326797, 326907, D103: 0.02473937552965305
316188, 326650, 326713, 326737, 326780, 326797, 326907: 0.03478065147992399
316188, 326650, 326713, 326737, 326780, 326797, 327059, D103: 0.02968725063558366
316188, 326650, 326713, 326737, 326780, 326797, 327059: 0.04467640169178522
316188, 326650, 326713, 326737, 326780, 326797, D103: 0.03288881688059759
316188, 326650, 326713, 326737, 326780, 326797: 0.05200119719174132
316188, 326650, 326713, 326737, 326780, 326907, 327059, D103: 0.02546700422170167
316188, 326650, 326713, 326737, 326780, 326907, 327059: 0.036381434602430957
316188, 326650, 326713, 326737, 326780, 326907, D103: 0.027892433195197068
316188, 326650, 326713, 326737, 326780, 326907: 0.041232292549421755
316188, 326650, 326713, 326737, 326780, 327059, D103: 0.03332539409582676
316188, 326650, 326713, 326737, 326780, 327059: 0.053310928837428835
316188, 326650, 326713, 326737, 326780, D103: 0.0378366919865282
316188, 326650, 326713, 326737, 326780: 0.0659231594996049
316188, 326650, 326713, 326737, 326797, 326907, 327059, D103: 0.02507893558594241
316188, 326650, 326713, 326737, 326797, 326907, 327059: 0.03584784022826197
316188, 326650, 326713, 326737, 326797, 326907, D103: 0.027310330241558173
316188, 326650, 326713, 326737, 326797, 326907: 0.040068086642143966
316188, 326650, 326713, 326737, 326797, 327059, D103: 0.03322837693688695
316188, 326650, 326713, 326737, 326797, 327059: 0.053310928837428835
316188, 326650, 326713, 326737, 326797, D103: 0.037933709145468016
316188, 326650, 326713, 326737, 326797: 0.0647104450128572
316188, 326650, 326713, 326737, 326907, 327059, D103: 0.028329010410426236
316188, 326650, 326713, 326737, 326907, 327059: 0.042396498456699544
316188, 326650, 326713, 326737, 326907, D103: 0.031045490860741088
316188, 326650, 326713, 326737, 326907: 0.04865410520831767
316188, 326650, 326713, 326737, 327059, D103: 0.03803072630440783
316188, 326650, 326713, 326737, 327059: 0.06684482250953315
316188, 326650, 326713, 326737, D103: 0.044579384532845406
316188, 326650, 326713, 326737: 0.08978938059879961
316188, 326650, 326713, 326780, 326797, 326907, 327059, D103: 0.030366370748162376
316188, 326650, 326713, 326780, 326797, 326907, 327059: 0.044870436009664845
316188, 326650, 326713, 326780, 326797, 326907, D103: 0.03405302278787538
316188, 326650, 326713, 326780, 326797, 326907: 0.0525347915659103
316188, 326650, 326713, 326780, 326797, 327059, D103: 0.041814395503060646
316188, 326650, 326713, 326780, 326797, 327059: 0.07057998312871606
316188, 326650, 326713, 326780, 326797, D103: 0.04899366526460703
316188, 326650, 326713, 326780, 326797: 0.09071104360872786
316188, 326650, 326713, 326780, 326907, 327059, D103: 0.03473214290045409
316188, 326650, 326713, 326780, 326907, 327059: 0.05403855752947745
316188, 326650, 326713, 326780, 326907, D103: 0.039680018006384696
316188, 326650, 326713, 326780, 326907: 0.0664567538737739
316188, 326650, 326713, 326780, 327059, D103: 0.049866819695065366
316188, 326650, 326713, 326780, 327059: 0.09274840394646398
316188, 326650, 326713, 326780, D103: 0.06049019859897521
316188, 326650, 326713, 326780: 0.13519341098263343
316188, 326650, 326713, 326797, 326907, 327059, D103: 0.034004514208405466
316188, 326650, 326713, 326797, 326907, 327059: 0.053553471734778375
316188, 326650, 326713, 326797, 326907, D103: 0.03851581209910691
316188, 326650, 326713, 326797, 326907: 0.06475895359232711
316188, 326650, 326713, 326797, 327059, D103: 0.04870261378778758
316188, 326650, 326713, 326797, 327059: 0.09303945542328344
316188, 326650, 326713, 326797, D103: 0.060053621383746036
316188, 326650, 326713, 326797: 0.13213737047602925
316188, 326650, 326713, 326907, 327059, D103: 0.04011659522161387
316188, 326650, 326713, 326907, 327059: 0.06810604557575076
316188, 326650, 326713, 326907, D103: 0.046422710552701904
316188, 326650, 326713, 326907: 0.08901324332728108
316188, 326650, 326713, 327059, D103: 0.060975284393674285
316188, 326650, 326713, 327059: 0.13873453728393673
316188, 326650, 326713, D103: 0.0799421389664083
316188, 326650, 326713: 0.2570469626110422
316188, 326650, 326737, 326780, 326797, 326907, 327059, D103: 0.023041575248206277
316188, 326650, 326737, 326780, 326797, 326907, 327059: 0.031870136711729516
316188, 326650, 326737, 326780, 326797, 326907, D103: 0.025127444165412318
316188, 326650, 326737, 326780, 326797, 326907: 0.03560529733091243
316188, 326650, 326737, 326780, 326797, 327059, D103: 0.03026935358922256
316188, 326650, 326737, 326780, 326797, 327059: 0.04569508186065328
316188, 326650, 326737, 326780, 326797, D103: 0.03371346273158602
316188, 326650, 326737, 326780, 326797: 0.05394154037053763
316188, 326650, 326737, 326780, 326907, 327059, D103: 0.025806564277991027
316188, 326650, 326737, 326780, 326907, 327059: 0.03701204613553976
316188, 326650, 326737, 326780, 326907, D103: 0.02852304472830587
316188, 326650, 326737, 326780, 326907: 0.04254202419510927
316188, 326650, 326737, 326780, 327059, D103: 0.034004514208405466
316188, 326650, 326737, 326780, 327059: 0.05466916906258626
316188, 326650, 326737, 326780, D103: 0.03924344079115553
316188, 326650, 326737, 326780: 0.07014340591348689
316188, 326650, 326737, 326797, 326907, 327059, D103: 0.02546700422170167
316188, 326650, 326737, 326797, 326907, 327059: 0.036478451761370774
316188, 326650, 326737, 326797, 326907, D103: 0.02779541603625725
316188, 326650, 326737, 326797, 326907: 0.04118378396995184
316188, 326650, 326737, 326797, 327059, D103: 0.033907497049465656
316188, 326650, 326737, 326797, 327059: 0.054960220539405705
316188, 326650, 326737, 326797, D103: 0.03900089789380599
316188, 326650, 326737, 326797: 0.06844560563204011
316188, 326650, 326737, 326907, 327059, D103: 0.02886260478459523
316188, 326650, 326737, 326907, 327059: 0.04341517862556761
316188, 326650, 326737, 326907, D103: 0.03196715387066933
316188, 326650, 326737, 326907: 0.050788482704993615
316188, 326650, 326737, 327059, D103: 0.038952389314336075
316188, 326650, 326737, 327059: 0.06985235443666744
316188, 326650, 326737, D103: 0.04681077918846117
316188, 326650, 326737: 0.10235310268150576
316188, 326650, 326780, 326797, 326907, 327059, D103: 0.03109399944021099
316188, 326650, 326780, 326797, 326907, 327059: 0.046180167655352364
316188, 326650, 326780, 326797, 326907, D103: 0.03497468579780363
316188, 326650, 326780, 326797, 326907: 0.05486320338046589
316188, 326650, 326780, 326797, 327059, D103: 0.0433666700460977
316188, 326650, 326780, 326797, 327059: 0.07392707511213971
316188, 326650, 326780, 326797, D103: 0.05137058565863251
316188, 326650, 326780, 326797: 0.09798733052921406
316188, 326650, 326780, 326907, 327059, D103: 0.03570231448985225
316188, 326650, 326780, 326907, 327059: 0.05651249508244275
316188, 326650, 326780, 326907, D103: 0.041329309708361565
316188, 326650, 326780, 326907: 0.07227778341016283
316188, 326650, 326780, 327059, D103: 0.05238926582750058
316188, 326650, 326780, 327059: 0.10046126808217935
316188, 326650, 326780, D103: 0.06500149648967665
316188, 326650, 326780: 0.16104848384009438
316188, 326650, 326797, 326907, 327059, D103: 0.03502319437727354
316188, 326650, 326797, 326907, 327059: 0.0555908320725145
316188, 326650, 326797, 326907, D103: 0.03987405232426433
316188, 326650, 326797, 326907: 0.06873665710885955
316188, 326650, 326797, 327059, D103: 0.050594448387113994
316188, 326650, 326797, 327059: 0.09983065654907056
316188, 326650, 326797, D103: 0.06398281632080857
316188, 326650, 326797: 0.15352965402225865
316188, 326650, 326907, 327059, D103: 0.04176588692359074
316188, 326650, 326907, 327059: 0.07271436062539201
316188, 326650, 326907, D103: 0.04918769958248666
316188, 326650, 326907: 0.10240161126097568
316188, 326650, 327059, D103: 0.06500149648967665
316188, 326650, 327059: 0.1628918098599509
316188, 326650, D103: 0.08954683770145007
316188, 326650: 0.41712527486173845
316188, 326651, 326713, 326737, 326780, 326797, 326907, 327059, D103: 0.02435130689389379
316188, 326651, 326713, 326737, 326780, 326797, 326907, 327059: 0.0341985485262851
316188, 326651, 326713, 326737, 326780, 326797, 326907, D103: 0.026534192970039647
316188, 326651, 326713, 326737, 326780, 326797, 326907: 0.03841879494016709
316188, 326651, 326713, 326737, 326780, 326797, 327059, D103: 0.032015662450139246
316188, 326651, 326713, 326737, 326780, 326797, 327059: 0.049963836854005184
316188, 326651, 326713, 326737, 326780, 326797, D103: 0.03633292602296105
316188, 326651, 326713, 326737, 326780, 326797: 0.06049019859897521
316188, 326651, 326713, 326737, 326780, 326907, 327059, D103: 0.027649890297847528
316188, 326651, 326713, 326737, 326780, 326907, 327059: 0.04069869817525277
316188, 326651, 326713, 326737, 326780, 326907, D103: 0.030463387907102187
316188, 326651, 326713, 326737, 326780, 326907: 0.04734437356263015
316188, 326651, 326713, 326737, 326780, 327059, D103: 0.036818011817660125
316188, 326651, 326713, 326737, 326780, 327059: 0.06257606751618125
316188, 326651, 326713, 326737, 326780, D103: 0.04322114430768798
316188, 326651, 326713, 326737, 326780: 0.08217353362202406
316188, 326651, 326713, 326737, 326797, 326907, 327059, D103: 0.02672822728791928
316188, 326651, 326713, 326737, 326797, 326907, 327059: 0.039340457950095345
316188, 326651, 326713, 326737, 326797, 326907, D103: 0.029299181999824397
316188, 326651, 326713, 326737, 326797, 326907: 0.04520999606595421
316188, 326651, 326713, 326737, 326797, 327059, D103: 0.03609038312561151
316188, 326651, 326713, 326737, 326797, 327059: 0.0623335246188317
316188, 326651, 326713, 326737, 326797, D103: 0.04259053277457917
316188, 326651, 326713, 326737, 326797: 0.08222204220149396
316188, 326651, 326713, 326737, 326907, 327059, D103: 0.03075443938392164
316188, 326651, 326713, 326737, 326907, 327059: 0.05093400844340334
316188, 326651, 326713, 326737, 326907, D103: 0.03429556568522492
316188, 326651, 326713, 326737, 326907: 0.06194545598307245
316188, 326651, 326713, 326737, 327059, D103: 0.04317263572821807
316188, 326651, 326713, 326737, 327059: 0.09405813559215151
316188, 326651, 326713, 326737, D103: 0.05316540309901911
316188, 326651, 326713, 326737: 0.14605933278389283
316188, 326651, 326713, 326780, 326797, 326907, 327059, D103: 0.03279179972165777
316188, 326651, 326713, 326780, 326797, 326907, 327059: 0.050060854012945
316188, 326651, 326713, 326780, 326797, 326907, D103: 0.03686652039713004
316188, 326651, 326713, 326780, 326797, 326907: 0.060150638542685854
316188, 326651, 326713, 326780, 326797, 327059, D103: 0.045937624758002824
316188, 326651, 326713, 326780, 326797, 327059: 0.08294967089354259
316188, 326651, 326713, 326780, 326797, D103: 0.05520276343675524
316188, 326651, 326713, 326780, 326797: 0.11622655640989943
316188, 326651, 326713, 326780, 326907, 327059, D103: 0.03856432067857682
316188, 326651, 326713, 326780, 326907, 327059: 0.06403132490027849
316188, 326651, 326713, 326780, 326907, D103: 0.04438535021496577
316188, 326651, 326713, 326780, 326907: 0.08285265373460277
316188, 326651, 326713, 326780, 327059, D103: 0.05724012377449138
316188, 326651, 326713, 326780, 327059: 0.11991320844961244
316188, 326651, 326713, 326780, D103: 0.073247954999561
316188, 326651, 326713, 326780: 0.20053446752859944
316188, 326651, 326713, 326797, 326907, 327059, D103: 0.03701204613553976
316188, 326651, 326713, 326797, 326907, 327059: 0.06126633587049373
316188, 326651, 326713, 326797, 326907, D103: 0.042445007036169456
316188, 326651, 326713, 326797, 326907: 0.07780776146973235
316188, 326651, 326713, 326797, 327059, D103: 0.0549117119599358
316188, 326651, 326713, 326797, 327059: 0.11933110549597353
316188, 326651, 326713, 326797, D103: 0.07053147454924616
316188, 326651, 326713, 326797: 0.1947134379922105
316188, 326651, 326713, 326907, 327059, D103: 0.044870436009664845
316188, 326651, 326713, 326907, 327059: 0.08823710605576254
316188, 326651, 326713, 326907, D103: 0.053310928837428835
316188, 326651, 326713, 326907: 0.12762607258532782
316188, 326651, 326713, 327059, D103: 0.07334497215850082
316188, 326651, 326713, 327059: 0.22803883208803727
316188, 326651, 326713, D103: 0.10608826330068867
316188, 326651, 326713: 0.5431020557450894
316188, 326651, 326737, 326780, 326797, 326907, 327059, D103: 0.024642358370713238
316188, 326651, 326737, 326780, 326797, 326907, 327059: 0.03478065147992399
316188, 326651, 326737, 326780, 326797, 326907, D103: 0.027019278764738724
316188, 326651, 326737, 326780, 326797, 326907: 0.03938896652956525
316188, 326651, 326737, 326780, 326797, 327059, D103: 0.03254925682430823
316188, 326651, 326737, 326780, 326797, 327059: 0.05122505992022279
316188, 326651, 326737, 326780, 326797, D103: 0.03730309761235921
316188, 326651, 326737, 326780, 326797: 0.06315817046982014
316188, 326651, 326737, 326780, 326907, 327059, D103: 0.028086467513076703
316188, 326651, 326737, 326780, 326907, 327059: 0.04157185260571111
316188, 326651, 326737, 326780, 326907, D103: 0.03133654233756053
316188, 326651, 326737, 326780, 326907: 0.04913919100301675
316188, 326651, 326737, 326780, 327059, D103: 0.03764265766864856
316188, 326651, 326737, 326780, 327059: 0.06514702222808637
316188, 326651, 326737, 326780, D103: 0.04496745316860466
316188, 326651, 326737, 326780: 0.08920727764516072
316188, 326651, 326737, 326797, 326907, 327059, D103: 0.02716480450314845
316188, 326651, 326737, 326797, 326907, 327059: 0.04011659522161387
316188, 326651, 326737, 326797, 326907, D103: 0.0299297935329332
316188, 326651, 326737, 326797, 326907: 0.046665253450051444
316188, 326651, 326737, 326797, 327059, D103: 0.036769503238190226
316188, 326651, 326737, 326797, 327059: 0.06456491927444748
316188, 326651, 326737, 326797, D103: 0.043851755840796786
316188, 326651, 326737, 326797: 0.08823710605576254
316188, 326651, 326737, 326907, 327059, D103: 0.03143355949650035
316188, 326651, 326737, 326907, 327059: 0.05287435162219966
316188, 326651, 326737, 326907, D103: 0.035556788751442525
316188, 326651, 326737, 326907: 0.06635973671483407
316188, 326651, 326737, 327059, D103: 0.044579384532845406
316188, 326651, 326737, 327059: 0.10288669705567477
316188, 326651, 326737, D103: 0.056706529400322385
316188, 326651, 326737: 0.18287734460155294
316188, 326651, 326780, 326797, 326907, 327059, D103: 0.033422411254766575
316188, 326651, 326780, 326797, 326907, 327059: 0.05161312855598205
316188, 326651, 326780, 326797, 326907, D103: 0.037933709145468016
316188, 326651, 326780, 326797, 326907: 0.06359474768504932
316188, 326651, 326780, 326797, 327059, D103: 0.04710183066528061
316188, 326651, 326780, 326797, 327059: 0.08712140872795467
316188, 326651, 326780, 326797, D103: 0.058113278204949714
316188, 326651, 326780, 326797: 0.12912983854889495
316188, 326651, 326780, 326907, 327059, D103: 0.039922560903734236
316188, 326651, 326780, 326907, 327059: 0.0677664855194614
316188, 326651, 326780, 326907, D103: 0.04661674487058154
316188, 326651, 326780, 326907: 0.09284542110540381
316188, 326651, 326780, 327059, D103: 0.06000511280427613
316188, 326651, 326780, 327059: 0.13349561070118665
316188, 326651, 326780, D103: 0.07974810464852866
316188, 326651, 326780: 0.2551551280117158
316188, 326651, 326797, 326907, 327059, D103: 0.037933709145468016
316188, 326651, 326797, 326907, 327059: 0.06398281632080857
316188, 326651, 326797, 326907, D103: 0.044045790158676414
316188, 326651, 326797, 326907: 0.08445343685710974
316188, 326651, 326797, 327059, D103: 0.0568035465592622
316188, 326651, 326797, 327059: 0.130682113091932
316188, 326651, 326797, D103: 0.07581890971146613
316188, 326651, 326797: 0.24458025768727587
316188, 326651, 326907, 327059, D103: 0.04681077918846117
316188, 326651, 326907, 327059: 0.09604698735041774
316188, 326651, 326907, D103: 0.05714310661555156
316188, 326651, 326907: 0.1563431516315133
316188, 326651, 327059, D103: 0.07906898453594996
316188, 326651, 327059: 0.28862604784595225
316188, 326651, D103: 0.1255887122475917
316188, 326651: 1.1006596681722114
316188, 326713, 326737, 326780, 326797, 326907, 327059, D103: 0.024933409847532683
316188, 326713, 326737, 326780, 326797, 326907, 327059: 0.03521722869515317
316188, 326713, 326737, 326780, 326797, 326907, D103: 0.02721331308261836
316188, 326713, 326737, 326780, 326797, 326907: 0.03982554374479442
316188, 326713, 326737, 326780, 326797, 327059, D103: 0.03303434261900731
316188, 326713, 326737, 326780, 326797, 327059: 0.05224374008909085
316188, 326713, 326737, 326780, 326797, D103: 0.037691166248118475
316188, 326713, 326737, 326780, 326797: 0.06466193643338729
316188, 326713, 326737, 326780, 326907, 327059, D103: 0.028474536148835963
316188, 326713, 326737, 326780, 326907, 327059: 0.04234798987722964
316188, 326713, 326737, 326780, 326907, D103: 0.03157908523491007
316188, 326713, 326737, 326780, 326907: 0.050109362592414906
316188, 326713, 326737, 326780, 327059, D103: 0.03832177778122727
316188, 326713, 326737, 326780, 327059: 0.06665078819165351
316188, 326713, 326737, 326780, D103: 0.04554955612224356
316188, 326713, 326737, 326780: 0.09250586104911444
316188, 326713, 326737, 326797, 326907, 327059, D103: 0.0274558559799679
316188, 326713, 326737, 326797, 326907, 327059: 0.04084422391366249
316188, 326713, 326737, 326797, 326907, D103: 0.030172336430282744
316188, 326713, 326737, 326797, 326907: 0.04734437356263015
316188, 326713, 326737, 326797, 327059, D103: 0.03749713193023885
316188, 326713, 326737, 326797, 327059: 0.06597166807907481
316188, 326713, 326737, 326797, D103: 0.04462789311231531
316188, 326713, 326737, 326797: 0.09051700929084823
316188, 326713, 326737, 326907, 327059, D103: 0.031773119552789705
316188, 326713, 326737, 326907, 327059: 0.053553471734778375
316188, 326713, 326737, 326907, D103: 0.035653805910382336
316188, 326713, 326737, 326907: 0.06674780535059333
316188, 326713, 326737, 327059, D103: 0.0451614874864843
316188, 326713, 326737, 327059: 0.10346880000931365
316188, 326713, 326737, D103: 0.057337140933431195
316188, 326713, 326737: 0.1905902087372683
316188, 326713, 326780, 326797, 326907, 327059, D103: 0.034392582844164736
316188, 326713, 326780, 326797, 326907, 327059: 0.053068385940079295
316188, 326713, 326780, 326797, 326907, D103: 0.03924344079115553
316188, 326713, 326780, 326797, 326907: 0.06543807370490581
316188, 326713, 326780, 326797, 327059, D103: 0.04923620816195657
316188, 326713, 326780, 326797, 327059: 0.09197226667494547
316188, 326713, 326780, 326797, D103: 0.06058721575791503
316188, 326713, 326780, 326797: 0.13611507399256167
316188, 326713, 326780, 326907, 327059, D103: 0.04108676681101203
316188, 326713, 326780, 326907, 327059: 0.06946428580090817
316188, 326713, 326780, 326907, D103: 0.04841156231096813
316188, 326713, 326780, 326907: 0.09662909030405663
316188, 326713, 326780, 327059, D103: 0.06281861041353079
316188, 326713, 326780, 327059: 0.14149952631372148
316188, 326713, 326780, D103: 0.08391984248294074
316188, 326713, 326780: 0.2770810059321142
316188, 326713, 326797, 326907, 327059, D103: 0.039097915052745805
316188, 326713, 326797, 326907, 327059: 0.06602017665854472
316188, 326713, 326797, 326907, D103: 0.04569508186065328
316188, 326713, 326797, 326907: 0.08818859747629264
316188, 326713, 326797, 327059, D103: 0.0598595870658664
316188, 326713, 326797, 327059: 0.1367456855256705
316188, 326713, 326797, D103: 0.0799906475458782
316188, 326713, 326797: 0.25762906556468107
316188, 326713, 326907, 327059, D103: 0.04841156231096813
316188, 326713, 326907, 327059: 0.09910302785702194
316188, 326713, 326907, D103: 0.05961704416851686
316188, 326713, 326907: 0.16531723883344626
316188, 326713, 327059, D103: 0.0829981794730125
316188, 326713, 327059: 0.29934644390880194
316188, 326713, D103: 0.13393218791641584
316188, 326713: 1.2079121373801778
316188, 326737, 326780, 326797, 326907, 327059, D103: 0.025224461324352132
316188, 326737, 326780, 326797, 326907, 327059: 0.03589634880773188
316188, 326737, 326780, 326797, 326907, D103: 0.027746907456787345
316188, 326737, 326780, 326797, 326907: 0.04103825823154213
316188, 326737, 326780, 326797, 327059, D103: 0.03376197131105593
316188, 326737, 326780, 326797, 327059: 0.05403855752947745
316188, 326737, 326780, 326797, D103: 0.03890388073486618
316188, 326737, 326780, 326797: 0.06888218284726928
316188, 326737, 326780, 326907, 327059, D103: 0.02895962194353504
316188, 326737, 326780, 326907, 327059: 0.043463687205037516
316188, 326737, 326780, 326907, D103: 0.032694782562717954
316188, 326737, 326780, 326907: 0.05292286020166957
316188, 326737, 326780, 327059, D103: 0.03953449226797498
316188, 326737, 326780, 327059: 0.07091954318500542
316188, 326737, 326780, D103: 0.0482660365725584
316188, 326737, 326780: 0.11030850971457065
316188, 326737, 326797, 326907, 327059, D103: 0.027892433195197068
316188, 326737, 326797, 326907, 327059: 0.04176588692359074
316188, 326737, 326797, 326907, D103: 0.030851456542861453
316188, 326737, 326797, 326907: 0.049381733900366286
316188, 326737, 326797, 327059, D103: 0.03841879494016709
316188, 326737, 326797, 327059: 0.06917323432408873
316188, 326737, 326797, D103: 0.04637420197323199
316188, 326737, 326797: 0.10259564557885531
316188, 326737, 326907, 327059, D103: 0.03264627398324804
316188, 326737, 326907, 327059: 0.056366969344033034
316188, 326737, 326907, D103: 0.03740011477129903
316188, 326737, 326907: 0.07562487539358649
316188, 326737, 327059, D103: 0.047392882142100065
316188, 326737, 327059: 0.1203497856648416
316188, 326737, D103: 0.06427386779762803
316188, 326737: 1.302746410243848
316188, 326780, 326797, 326907, 327059, D103: 0.03526573727462308
316188, 326780, 326797, 326907, 327059: 0.055299780595695056
316188, 326780, 326797, 326907, D103: 0.040747206754722674
316188, 326780, 326797, 326907: 0.07087103460553551
316188, 326780, 326797, 327059, D103: 0.051419094238102425
316188, 326780, 326797, 327059: 0.09944258791331129
316188, 326780, 326797, D103: 0.06543807370490581
316188, 326780, 326797: 0.1630858441778305
316188, 326780, 326907, 327059, D103: 0.04302710998980835
316188, 326780, 326907, 327059: 0.07640101266510502
316188, 326780, 326907, D103: 0.05234075724803067
316188, 326780, 326907: 0.22871795220061594
316188, 326780, 327059, D103: 0.06815455415522066
316188, 326780, 327059: 0.17191440564135377
316188, 326780, D103: 0.0989575021186122
316188, 326780: 0.6227531432346782
316188, 326797, 326907, 327059, D103: 0.04045615527790322
316188, 326797, 326907, 327059: 0.07014340591348689
316188, 326797, 326907, D103: 0.0482175279930885
316188, 326797, 326907: 0.1007523195589988
316188, 326797, 327059, D103: 0.06354623910557941
316188, 326797, 327059: 0.15857454628712908
316188, 326797, D103: 0.09080806076766768
316188, 326797: 0.4160095775339306
316188, 326907, 327059, D103: 0.05175865429439178
316188, 326907, 327059: 0.11578997919467027
316188, 326907, D103: 0.06820306273469057
316188, 326907: 0.596558510320928
316188, 327059, D103: 0.09517383291995939
316188, 327059: 0.5126386678379872
316188, D103: 0.20291138792262495
316188: 88.30496955844094
326650, 326651, 326713, 326737, 326780, 326797, 326907, 327059, D103: 0.02898774453049288
326650, 326651, 326713, 326737, 326780, 326797, 326907, 327059: 0.04186263063535115
326650, 326651, 326713, 326737, 326780, 326797, 326907, D103: 0.03234963679556779
326650, 326651, 326713, 326737, 326780, 326797, 326907: 0.04893756968737729
326650, 326651, 326713, 326737, 326780, 326797, 327059, D103: 0.044253479815782024
326650, 326651, 326713, 326737, 326780, 326797, 327059: 0.05470248167910029
326650, 326651, 326713, 326737, 326780, 326797, D103: 0.05207502508554815
326650, 326651, 326713, 326737, 326780, 326797: 0.0703155290050421
326650, 326651, 326713, 326737, 326780, 326907, 327059, D103: 0.03300143223471497
326650, 326651, 326713, 326737, 326780, 326907, 327059: 0.05128558439459993
326650, 326651, 326713, 326737, 326780, 326907, D103: 0.0375640003087452
326650, 326651, 326713, 326737, 326780, 326907: 0.06308744779142957
326650, 326651, 326713, 326737, 326780, 327059, D103: 0.05221224517800018
326650, 326651, 326713, 326737, 326780, 327059: 0.0728381611057401
326650, 326651, 326713, 326737, 326780, D103: 0.06435622336000549
326650, 326651, 326713, 326737, 326780: 0.10338246329797557
326650, 326651, 326713, 326737, 326797, 326907, 327059, D103: 0.03416780302055728
326650, 326651, 326713, 326737, 326797, 326907, 327059: 0.053973443335762705
326650, 326651, 326713, 326737, 326797, 326907, D103: 0.039210641418169656
326650, 326651, 326713, 326737, 326797, 326907: 0.06657857492190535
326650, 326651, 326713, 326737, 326797, 327059, D103: 0.05512817214260598
326650, 326651, 326713, 326737, 326797, 327059: 0.07979244419415085
326650, 326651, 326713, 326737, 326797, D103: 0.06867865627224466
326650, 326651, 326713, 326737, 326797: 0.11406387849912936
326650, 326651, 326713, 326737, 326907, 327059, D103: 0.04013687704222091
326650, 326651, 326713, 326737, 326907, 327059: 0.07010059698273931
326650, 326651, 326713, 326737, 326907, D103: 0.04740954194217888
326650, 326651, 326713, 326737, 326907: 0.09271568600493639
326650, 326651, 326713, 326737, 327059, D103: 0.06950197682695688
326650, 326651, 326713, 326737, 327059: 0.11999547289806795
326650, 326651, 326713, 326737, D103: 0.09252064733578615
326650, 326651, 326713, 326737: 0.20546952092261972
326650, 326651, 326713, 326780, 326797, 326907, 327059, D103: 0.04336154921484378
326650, 326651, 326713, 326780, 326797, 326907, 327059: 0.07124370940599245
326650, 326651, 326713, 326780, 326797, 326907, D103: 0.050668519137914765
326650, 326651, 326713, 326780, 326797, 326907: 0.09005872199413181
326650, 326651, 326713, 326780, 326797, 327059, D103: 0.07190332844486755
326650, 326651, 326713, 326780, 326797, 327059: 0.05884068883497929
326650, 326651, 326713, 326780, 326797, D103: 0.0915944117117349
326650, 326651, 326713, 326780, 326797: 0.0885851556909667
326650, 326651, 326713, 326780, 326907, 327059, D103: 0.051594754761966025
326650, 326651, 326713, 326780, 326907, 327059: 0.0951872804335918
326650, 326651, 326713, 326780, 326907, D103: 0.06236653201945095
326650, 326651, 326713, 326780, 326907: 0.1317359830473338
326650, 326651, 326713, 326780, 327059, D103: 0.09296661263625527
326650, 326651, 326713, 326780, 327059: 0.08994181448117461
326650, 326651, 326713, 326780, D103: 0.12871244672001098
326650, 326651, 326713, 326780: 0.16535744125965313
326650, 326651, 326713, 326797, 326907, 327059, D103: 0.054133326472328706
326650, 326651, 326713, 326797, 326907, 327059: 0.10195327018203601
326650, 326651, 326713, 326797, 326907, D103: 0.06607147451565595
326650, 326651, 326713, 326797, 326907: 0.14054103819941877
326650, 326651, 326713, 326797, 327059, D103: 0.09800945103386764
326650, 326651, 326713, 326797, 327059: 0.10312080043282812
326650, 326651, 326713, 326797, D103: 0.13794049793741048
326650, 326651, 326713, 326797: 0.19014767516947864
326650, 326651, 326713, 326907, 327059, D103: 0.06775242064819341
326650, 326651, 326713, 326907, 327059: 0.1529608002034122
326650, 326651, 326713, 326907, D103: 0.08836973953911201
326650, 326651, 326713, 326907: 0.2491985082691826
326650, 326651, 326713, 327059, D103: 0.14370374182039605
326650, 326651, 326713, 327059: 0.20208880551700992
326650, 326651, 326713, D103: 0.23673896450287732
326650, 326651, 326713: 0.5568412135792008
326650, 326651, 326737, 326780, 326797, 326907, 327059, D103: 0.029536624900301026
326650, 326651, 326737, 326780, 326797, 326907, 327059: 0.04269679375502236
326650, 326651, 326737, 326780, 326797, 326907, D103: 0.03300143223471497
326650, 326651, 326737, 326780, 326797, 326907: 0.050296946623137766
326650, 326651, 326737, 326780, 326797, 327059, D103: 0.045248325486059296
326650, 326651, 326737, 326780, 326797, 327059: 0.056202425090326136
326650, 326651, 326737, 326780, 326797, D103: 0.05348153103318154
326650, 326651, 326737, 326780, 326797: 0.07347450073474501
326650, 326651, 326737, 326780, 326907, 327059, D103: 0.03372183772008817
326650, 326651, 326737, 326780, 326907, 327059: 0.052706751191076796
326650, 326651, 326737, 326780, 326907, D103: 0.03859315100213549
326650, 326651, 326737, 326780, 326907: 0.0659297813843833
326650, 326651, 326737, 326780, 327059, D103: 0.0537216661949726
326650, 326651, 326737, 326780, 327059: 0.07604258566608624
326650, 326651, 326737, 326780, D103: 0.0669634051165942
326650, 326651, 326737, 326780: 0.11263211433386831
326650, 326651, 326737, 326797, 326907, 327059, D103: 0.03485390348281747
326650, 326651, 326737, 326797, 326907, 327059: 0.055271030410806804
326650, 326651, 326737, 326797, 326907, D103: 0.03999965694976887
326650, 326651, 326737, 326797, 326907: 0.06923553893270992
326650, 326651, 326737, 326797, 327059, D103: 0.056706203205804405
326650, 326651, 326737, 326797, 327059: 0.08367866121414509
326650, 326651, 326737, 326797, D103: 0.07097709282081628
326650, 326651, 326737, 326797: 0.12431349180917264
326650, 326651, 326737, 326907, 327059, D103: 0.041166027735611184
326650, 326651, 326737, 326907, 327059: 0.07281935085426026
326650, 326651, 326737, 326907, D103: 0.04912479309782935
326650, 326651, 326737, 326907: 0.09982151998732072
326650, 326651, 326737, 327059, D103: 0.0725208188609017
326650, 326651, 326737, 327059: 0.13088142583711615
326650, 326651, 326737, D103: 0.09903860172725792
326650, 326651, 326737: 0.2536267949890981
326650, 326651, 326780, 326797, 326907, 327059, D103: 0.044527920000686096
326650, 326651, 326780, 326797, 326907, 327059: 0.07377709369536425
326650, 326651, 326780, 326797, 326907, D103: 0.05234946527045223
326650, 326651, 326780, 326797, 326907: 0.09506370071215904
326650, 326651, 326780, 326797, 327059, D103: 0.07451051020145626
326650, 326651, 326780, 326797, 327059: 0.062406035658454734
326650, 326651, 326780, 326797, D103: 0.09674016517868629
326650, 326651, 326780, 326797: 0.09948065612354551
326650, 326651, 326780, 326907, 327059, D103: 0.05310417577893843
326650, 326651, 326780, 326907, 327059: 0.1003776287337682
326650, 326651, 326780, 326907, D103: 0.06504232382226569
326650, 326651, 326780, 326907: 0.14638018003711717
326650, 326651, 326780, 327059, D103: 0.09794084098764162
326650, 326651, 326780, 327059: 0.10023672261237995
326650, 326651, 326780, D103: 0.14030754453220812
326650, 326651, 326780: 0.2121064503144709
326650, 326651, 326797, 326907, 327059, D103: 0.05577996758175316
326650, 326651, 326797, 326907, 327059: 0.1071745134125706
326650, 326651, 326797, 326907, D103: 0.06874726631847068
326650, 326651, 326797, 326907: 0.15447465179096367
326650, 326651, 326797, 327059, D103: 0.10336103463949708
326650, 326651, 326797, 327059: 0.11518812814305268
326650, 326651, 326797, D103: 0.150942101697241
326650, 326651, 326797: 0.24787886796498482
326650, 326651, 326907, 327059, D103: 0.07035960240478212
326650, 326651, 326907, 327059: 0.16782126170570294
326650, 326651, 326907, D103: 0.09430450853766262
326650, 326651, 326907: 0.3090728833033601
326650, 326651, 327059, D103: 0.15739144604248678
326650, 326651, 327059: 0.2609047970534864
326650, 326651, D103: 0.2872016535021141
326650, 326651: 1.169267698110378
326650, 326713, 326737, 326780, 326797, 326907, 327059, D103: 0.029639539969640055
326650, 326713, 326737, 326780, 326797, 326907, 327059: 0.042851268406813324
326650, 326713, 326737, 326780, 326797, 326907, D103: 0.033138652327167006
326650, 326713, 326737, 326780, 326797, 326907: 0.0505750009963615
326650, 326713, 326737, 326780, 326797, 327059, D103: 0.04614025608699754
326650, 326713, 326737, 326780, 326797, 327059: 0.05731601944108472
326650, 326713, 326737, 326780, 326797, D103: 0.054922342003927926
326650, 326713, 326737, 326780, 326797: 0.0764516611418751
326650, 326713, 326737, 326780, 326907, 327059, D103: 0.03389336283565321
326650, 326713, 326737, 326780, 326907, 327059: 0.0531392802160915
326650, 326713, 326737, 326780, 326907, D103: 0.038730371094587525
326650, 326713, 326737, 326780, 326907: 0.06651678506118895
326650, 326713, 326737, 326780, 327059, D103: 0.054785121911475894
326650, 326713, 326737, 326780, 327059: 0.07811068946035217
326650, 326713, 326737, 326780, D103: 0.06902170650337476
326650, 326713, 326737, 326780: 0.11826826533362605
326650, 326713, 326737, 326797, 326907, 327059, D103: 0.035231258737060574
326650, 326713, 326737, 326797, 326907, 327059: 0.05616698339119439
326650, 326713, 326737, 326797, 326907, D103: 0.04054853731957702
326650, 326713, 326737, 326797, 326907: 0.07037865135596305
326650, 326713, 326737, 326797, 327059, D103: 0.05831853929211585
326650, 326713, 326737, 326797, 327059: 0.08613311406887832
326650, 326713, 326737, 326797, D103: 0.07389301978542208
326650, 326713, 326737, 326797: 0.13079052017582973
326650, 326713, 326737, 326907, 327059, D103: 0.041646298059193315
326650, 326713, 326737, 326907, 327059: 0.07433320244181171
326650, 326713, 326737, 326907, D103: 0.04963936844452449
326650, 326713, 326737, 326907: 0.10176790059988686
326650, 326713, 326737, 327059, D103: 0.07447620517834325
326650, 326713, 326737, 327059: 0.1372220957118436
326650, 326713, 326737, D103: 0.10322381454704506
326650, 326713, 326737: 0.2763304838953803
326650, 326713, 326780, 326797, 326907, 327059, D103: 0.04998241867565458
326650, 326713, 326780, 326797, 326907, 327059: 0.08196425024028532
326650, 326713, 326780, 326797, 326907, D103: 0.05879880961569797
326650, 326713, 326780, 326797, 326907: 0.10593871619824287
326650, 326713, 326780, 326797, 327059, D103: 0.08919306009382424
326650, 326713, 326780, 326797, 327059: 0.07335140108157165
326650, 326713, 326780, 326797, D103: 0.11948439550261147
326650, 326713, 326780, 326797: 0.12226895679946545
326650, 326713, 326780, 326907, 327059, D103: 0.0596221301704102
326650, 326713, 326780, 326907, 327059: 0.11224128199131421
326650, 326713, 326780, 326907, D103: 0.07317261430004889
326650, 326713, 326780, 326907: 0.1654423520681221
326650, 326713, 326780, 327059, D103: 0.11687721374602277
326650, 326713, 326780, 327059: 0.12000680380111153
326650, 326713, 326780, D103: 0.17454395759899144
326650, 326713, 326780: 0.2701268166323764
326650, 326713, 326797, 326907, 327059, D103: 0.06298402243548512
326650, 326713, 326797, 326907, 327059: 0.1195324855558477
326650, 326713, 326797, 326907, D103: 0.07814684265143523
326650, 326713, 326797, 326907: 0.1738457731255505
326650, 326713, 326797, 327059, D103: 0.12596804487097024
326650, 326713, 326797, 327059: 0.1372907851990735
326650, 326713, 326797, D103: 0.19351463538048558
326650, 326713, 326797: 0.3129277481219598
326650, 326713, 326907, 327059, D103: 0.07999931389953774
326650, 326713, 326907, 327059: 0.1900965064939599
326650, 326713, 326907, D103: 0.10809512782909236
326650, 326713, 326907: 0.36196500407658605
326650, 326713, 327059, D103: 0.19152494403993106
326650, 326713, 327059: 0.3208177869973864
326650, 326713, D103: 0.37725233917376355
326650, 326713: 1.8138446744283523
326650, 326737, 326780, 326797, 326907, 327059, D103: 0.030222725362561213
326650, 326737, 326780, 326797, 326907, 327059: 0.04383990617827549
326650, 326737, 326780, 326797, 326907, D103: 0.03392766785876622
326650, 326737, 326780, 326797, 326907: 0.05239780188749487
326650, 326737, 326780, 326797, 327059, D103: 0.04734093189595286
326650, 326737, 326780, 326797, 327059: 0.05924776474342104
326650, 326737, 326780, 326797, D103: 0.056706203205804405
326650, 326737, 326780, 326797: 0.08129238760537671
326650, 326737, 326780, 326907, 327059, D103: 0.03468237836725242
326650, 326737, 326780, 326907, 327059: 0.0548385013857921
326650, 326737, 326780, 326907, D103: 0.03999965694976887
326650, 326737, 326780, 326907: 0.07037865135596305
326650, 326737, 326780, 327059, D103: 0.056706203205804405
326650, 326737, 326780, 327059: 0.08281505743192416
326650, 326737, 326780, D103: 0.07258942890712773
326650, 326737, 326780: 0.1354494353167585
326650, 326737, 326797, 326907, 327059, D103: 0.035951664222433774
326650, 326737, 326797, 326907, 327059: 0.057773519769820404
326650, 326737, 326797, 326907, D103: 0.04147477294362827
326650, 326737, 326797, 326907: 0.07411693792930436
326650, 326737, 326797, 327059, D103: 0.06027392560955738
326650, 326737, 326797, 327059: 0.09179199148395766
326650, 326737, 326797, D103: 0.07735782711983602
326650, 326737, 326797: 0.1503125109370874
326650, 326737, 326907, 327059, D103: 0.04284697386814864
326650, 326737, 326907, 327059: 0.07813327887586942
326650, 326737, 326907, D103: 0.051903499969983106
326650, 326737, 326907: 0.11462019162889504
326650, 326737, 327059, D103: 0.07876433306746941
326650, 326737, 327059: 0.15776677516257342
326650, 326737, D103: 0.11478460733612919
326650, 326737: 0.4511647969644782
326650, 326780, 326797, 326907, 327059, D103: 0.05183488992375709
326650, 326780, 326797, 326907, 327059: 0.08616596076899953
326650, 326780, 326797, 326907, D103: 0.06144029639539969
326650, 326780, 326797, 326907: 0.11517630037534252
326650, 326780, 326797, 327059, D103: 0.09406437337587156
326650, 326780, 326797, 327059: 0.08068155469067499
326650, 326780, 326797, D103: 0.1306335280143395
326650, 326780, 326797: 0.15018088525317702
326650, 326780, 326907, 327059, D103: 0.06226361695011192
326650, 326780, 326907, 327059: 0.12215855463629406
326650, 326780, 326907, D103: 0.07852419790567833
326650, 326780, 326907: 0.205667551394489
326650, 326780, 327059, D103: 0.12775190607284673
326650, 326780, 327059: 0.14591284311488237
326650, 326780, D103: 0.20785413504172348
326650, 326780: 0.49226296667186237
326650, 326797, 326907, 327059, D103: 0.06565981423829984
326650, 326797, 326907, 327059: 0.12907901903652924
326650, 326797, 326907, D103: 0.0831553760259346
326650, 326797, 326907: 0.20378296064263926
326650, 326797, 327059, D103: 0.1369113472440202
326650, 326797, 327059: 0.16691058957871563
326650, 326797, D103: 0.22960351969537138
326650, 326797: 0.5625269582605097
326650, 326907, 327059, D103: 0.08493923722781108
326650, 326907, 327059: 0.22423540453976287
326650, 326907, D103: 0.1225718475827823
326650, 326907: 0.6241393830962095
326650, 327059, D103: 0.2256584420373753
326650, 327059: 0.5780337762193167
326650, D103: 0.6220529841081981
326650: 96.06529575619535
326651, 326713, 326737, 326780, 326797, 326907, 327059, D103: 0.032040891587550704
326651, 326713, 326737, 326780, 326797, 326907, 327059: 0.0489066747570191
326651, 326713, 326737, 326780, 326797, 326907, D103: 0.03653484961535493
326651, 326713, 326737, 326780, 326797, 326907: 0.06043048378062499
326651, 326713, 326737, 326780, 326797, 327059, D103: 0.05169766983130505
326651, 326713, 326737, 326780, 326797, 327059: 0.07013371768246925
326651, 326713, 326737, 326780, 326797, D103: 0.06459635852179654
326651, 326713, 326737, 326780, 326797: 0.10210978403996578
326651, 326713, 326737, 326780, 326907, 327059, D103: 0.03746108523940618
326651, 326713, 326737, 326780, 326907, 327059: 0.0633346072342951
326651, 326713, 326737, 326780, 326907, D103: 0.04408195470021698
326651, 326713, 326737, 326780, 326907: 0.08576432667434303
326651, 326713, 326737, 326780, 327059, D103: 0.06456205349868355
326651, 326713, 326737, 326780, 327059: 0.104791501047915
326651, 326713, 326737, 326780, D103: 0.08689462354525262
326651, 326713, 326737, 326780: 0.18406123768966898
326651, 326713, 326737, 326797, 326907, 327059, D103: 0.03859315100213549
326651, 326713, 326737, 326797, 326907, 327059: 0.0663005205486816
326651, 326713, 326737, 326797, 326907, D103: 0.04596873097143249
326651, 326713, 326737, 326797, 326907: 0.08882292477980411
326651, 326713, 326737, 326797, 327059, D103: 0.06744367544017633
326651, 326713, 326737, 326797, 327059: 0.1137229822693053
326651, 326713, 326737, 326797, D103: 0.0927607824975772
326651, 326713, 326737, 326797: 0.20324233222110258
326651, 326713, 326737, 326907, 327059, D103: 0.04662052641057967
326651, 326713, 326737, 326907, 327059: 0.09713366104615796
326651, 326713, 326737, 326907, D103: 0.05869589454635895
326651, 326713, 326737, 326907: 0.15157052833729356
326651, 326713, 326737, 327059, D103: 0.0923834272433341
326651, 326713, 326737, 327059: 0.23240032307872022
326651, 326713, 326737, D103: 0.14672258385434087
326651, 326713, 326737: 0.6130223268849403
326651, 326713, 326780, 326797, 326907, 327059, D103: 0.04977658853697653
326651, 326713, 326780, 326797, 326907, 327059: 0.0896879828298335
326651, 326713, 326780, 326797, 326907, D103: 0.060788500956252524
326651, 326713, 326780, 326797, 326907: 0.12598952600070995
326651, 326713, 326780, 326797, 327059, D103: 0.09241773226644712
326651, 326713, 326780, 326797, 327059: 0.08988164544495778
326651, 326713, 326780, 326797, D103: 0.13121671340726065
326651, 326713, 326780, 326797: 0.17050086889746013
326651, 326713, 326780, 326907, 327059, D103: 0.06281249731992007
326651, 326713, 326780, 326907, 327059: 0.1355978493421079
326651, 326713, 326780, 326907, D103: 0.08229775044810936
326651, 326713, 326780, 326907: 0.2312794486614308
326651, 326713, 326780, 327059, D103: 0.132520304285555
326651, 326713, 326780, 327059: 0.1687504088802604
326651, 326713, 326780, D103: 0.22171336437937927
326651, 326713, 326780: 0.4797174762643167
326651, 326713, 326797, 326907, 327059, D103: 0.06490510372981363
326651, 326713, 326797, 326907, 327059: 0.14035566861726959
326651, 326713, 326797, 326907, D103: 0.08531659248205418
326651, 326713, 326797, 326907: 0.23331851406507154
326651, 326713, 326797, 327059, D103: 0.13924408881570483
326651, 326713, 326797, 327059: 0.19471032180371645
326651, 326713, 326797, D103: 0.2403752969528563
326651, 326713, 326797: 0.5730609375116871
326651, 326713, 326907, 327059, D103: 0.08778655414619085
326651, 326713, 326907, 327059: 0.2678899411358892
326651, 326713, 326907, D103: 0.1332064047478152
326651, 326713, 326907: 0.6393705837627986
326651, 326713, 327059, D103: 0.24445759470330444
326651, 326713, 327059: 0.5840973622038711
326651, 326713, D103: 0.6006123446625673
326651, 326713: 1.2475660893449763
326651, 326737, 326780, 326797, 326907, 327059, D103: 0.03282990711914992
326651, 326737, 326780, 326797, 326907, 327059: 0.050235156762421386
326651, 326737, 326780, 326797, 326907, D103: 0.03759830533185822
326651, 326737, 326780, 326797, 326907: 0.06280939341820582
326651, 326737, 326780, 326797, 327059, D103: 0.053275700894503474
326651, 326737, 326780, 326797, 327059: 0.07320178375088576
326651, 326737, 326780, 326797, D103: 0.06737506539395031
326651, 326737, 326780, 326797: 0.11110944450732085
326651, 326737, 326780, 326907, 327059, D103: 0.038627456025248495
326651, 326737, 326780, 326907, 327059: 0.06596067631474148
326651, 326737, 326780, 326907, D103: 0.04624317115633657
326651, 326737, 326780, 326907: 0.09299374037816013
326651, 326737, 326780, 327059, D103: 0.06744367544017633
326651, 326737, 326780, 327059: 0.11413205774509416
326651, 326737, 326780, D103: 0.09427020351454962
326651, 326737, 326780: 0.2283550211514747
326651, 326737, 326797, 326907, 327059, D103: 0.03962230169552577
326651, 326737, 326797, 326907, 327059: 0.06871032511662065
326651, 326737, 326797, 326907, D103: 0.04730662687283985
326651, 326737, 326797, 326907: 0.09494012099072627
326651, 326737, 326797, 327059, D103: 0.07022238231233008
326651, 326737, 326797, 327059: 0.1245407559623887
326651, 326737, 326797, D103: 0.0985926364267888
326651, 326737, 326797: 0.2523086629004451
326651, 326737, 326907, 327059, D103: 0.048335777566230136
326651, 326737, 326907, 327059: 0.10485739363570615
326651, 326737, 326907, D103: 0.062572362158129
326651, 326737, 326907: 0.1801483389186218
326651, 326737, 327059, D103: 0.09965609214329209
326651, 326737, 327059: 0.2918753519753573
326651, 326737, D103: 0.17382355211361825
326651, 326737: 1.2555208144420005
326651, 326780, 326797, 326907, 327059, D103: 0.051629059785079034
326651, 326780, 326797, 326907, 327059: 0.09460027675678616
326651, 326780, 326797, 326907, D103: 0.06377303796708433
326651, 326780, 326797, 326907: 0.14047924833870234
326651, 326780, 326797, 327059, D103: 0.0978722309414156
326651, 326780, 326797, 327059: 0.1004530234390388
326651, 326780, 326797, D103: 0.14507594274491642
326651, 326780, 326797: 0.22419299745937873
326651, 326780, 326907, 327059, D103: 0.06617438958499498
326651, 326780, 326907, 327059: 0.1512306841033534
326651, 326780, 326907, D103: 0.08981055050985841
326651, 326780, 326907: 0.3099997312141059
326651, 326780, 327059, D103: 0.14593356832274168
326651, 326780, 327059: 0.2169025058539866
326651, 326780, D103: 0.27492045522765673
326651, 326780: 1.026930401065122
326651, 326797, 326907, 327059, D103: 0.06778672567130642
326651, 326797, 326907, 327059: 0.15379496332308343
326651, 326797, 326907, D103: 0.0912513614806048
326651, 326797, 326907: 0.30107109634058815
326651, 326797, 327059, D103: 0.15313762317647361
326651, 326797, 327059: 0.2542989854967675
326651, 326797, D103: 0.298076345828938
326651, 326797: 3.406439564878093
326651, 326907, 327059, D103: 0.09478477886124476
326651, 326907, 327059: 0.33771248374540475
326651, 326907, D103: 0.15718561590380872
326651, 326907: 1.301479836269227
326651, 327059, D103: 0.301884203394482
326651, 327059: 1.2808483429785205
326651, D103: 1.1637979091088413
326651: 95.18166240760767
326713, 326737, 326780, 326797, 326907, 327059, D103: 0.03286421214226293
326713, 326737, 326780, 326797, 326907, 327059: 0.050451421274928736
326713, 326737, 326780, 326797, 326907, D103: 0.03770122040119724
326713, 326737, 326780, 326797, 326907: 0.0637671362593098
326713, 326737, 326780, 326797, 327059, D103: 0.05423624154166774
326713, 326737, 326780, 326797, 327059: 0.07481535923871963
326713, 326737, 326780, 326797, D103: 0.06898740148026175
326713, 326737, 326780, 326797: 0.11610925587807368
326713, 326737, 326780, 326907, 327059, D103: 0.038798981140813545
326713, 326737, 326780, 326907, 327059: 0.06667125971297991
326713, 326737, 326780, 326907, D103: 0.04620886613322356
326713, 326737, 326780, 326907: 0.09512549057287542
326713, 326737, 326780, 327059, D103: 0.06857574120290563
326713, 326737, 326780, 327059: 0.11754102004333472
326713, 326737, 326780, D103: 0.09684308024802532
326713, 326737, 326780: 0.24544528547332076
326713, 326737, 326797, 326907, 327059, D103: 0.03989674188042985
326713, 326737, 326797, 326907, 327059: 0.06991522740059015
326713, 326737, 326797, 326907, D103: 0.047855507242648004
326713, 326737, 326797, 326907: 0.09744261034973989
326713, 326737, 326797, 327059, D103: 0.07231498872222365
326713, 326737, 326797, 327059: 0.12860878430495576
326713, 326737, 326797, D103: 0.10353255975506213
326713, 326737, 326797: 0.2690580309924671
326713, 326737, 326907, 327059, D103: 0.048987573005377316
326713, 326737, 326907, 327059: 0.10720540834292878
326713, 326737, 326907, D103: 0.06308693750482414
326713, 326737, 326907: 0.18815012588139374
326713, 326737, 327059, D103: 0.1022975789229938
326713, 326737, 327059: 0.30487486153931465
326713, 326737, D103: 0.18607044536496256
326713, 326737: 1.4251962312330944
326713, 326780, 326797, 326907, 327059, D103: 0.0577696589223077
326713, 326780, 326797, 326907, 327059: 0.10547529224287
326713, 326780, 326797, 326907, D103: 0.07204054853731957
326713, 326780, 326797, 326907: 0.15679177156782811
326713, 326780, 326797, 327059, D103: 0.11622541830687558
326713, 326780, 326797, 327059: 0.11835455504222317
326713, 326780, 326797, D103: 0.17962110101971682
326713, 326780, 326797: 0.2743322454454564
326713, 326780, 326907, 327059, D103: 0.07389301978542208
326713, 326780, 326907, 327059: 0.17054001557722387
326713, 326780, 326907, D103: 0.10154286841450759
326713, 326780, 326907: 0.3570527101496334
326713, 326780, 327059, D103: 0.17341189183626213
326713, 326780, 327059: 0.2635457978307392
326713, 326780, D103: 0.34455965214706563
326713, 326780: 1.3603173677010822
326713, 326797, 326907, 327059, D103: 0.07629437140333273
326713, 326797, 326907, 327059: 0.17162133813976063
326713, 326797, 326907, D103: 0.10411574514798329
326713, 326797, 326907: 0.3277334212397085
326713, 326797, 327059, D103: 0.18572739513383246
326713, 326797, 327059: 0.2971953436071836
326713, 326797, D103: 0.38401042872702634
326713, 326797: 1.5717195692662118
326713, 326907, 327059, D103: 0.10768346755173626
326713, 326907, 327059: 0.38164507471475484
326713, 326907, D103: 0.18078747180555912
326713, 326907: 1.5429546119488613
326713, 327059, D103: 0.36812720302570306
326713, 327059: 1.545180657606693
326713, D103: 1.593674153737961
326713: 94.93377860749519
326737, 326780, 326797, 326907, 327059, D103: 0.03375614274320117
326737, 326780, 326797, 326907, 327059: 0.05218153737498753
326737, 326780, 326797, 326907, D103: 0.039176336395056646
326737, 326780, 326797, 326907: 0.06735094818086015
326737, 326780, 326797, 327059, D103: 0.05643176302090033
326737, 326780, 326797, 327059: 0.07949700079497002
326737, 326780, 326797, D103: 0.07341274946183995
326737, 326780, 326797: 0.13447219945792954
326737, 326780, 326907, 327059, D103: 0.04017118206533392
326737, 326780, 326907, 327059: 0.07040954628632123
326737, 326780, 326907, D103: 0.04939923328273342
326737, 326780, 326907: 0.1104802709608972
326737, 326780, 327059, D103: 0.07293247913825782
326737, 326780, 327059: 0.1360175956997986
326737, 326780, D103: 0.11018773423898595
326737, 326780: 0.41171173996617405
326737, 326797, 326907, 327059, D103: 0.04102880764315915
326737, 326797, 326907, 327059: 0.07340635453106593
326737, 326797, 326907, D103: 0.04977658853697653
326737, 326797, 326907: 0.1084103106268983
326737, 326797, 327059, D103: 0.07656881158823681
326737, 326797, 327059: 0.14769897317510294
326737, 326797, D103: 0.11560792789084141
326737, 326797: 0.44211968366647986
326737, 326907, 327059, D103: 0.051217399507722916
326737, 326907, 327059: 0.12055201825766804
326737, 326907, D103: 0.06974211198874795
326737, 326907: 0.28383172520071664
326737, 327059, D103: 0.11512765756725929
326737, 327059: 0.5012083635026496
326737, D103: 0.2764298762446291
326737: 94.39991582135765
326780, 326797, 326907, 327059, D103: 0.06068558588691349
326780, 326797, 326907, 327059: 0.1143112423253131
326780, 326797, 326907, D103: 0.07742643716606204
326780, 326797, 326907: 0.19204288710652603
326780, 326797, 327059, D103: 0.12788912616529877
326780, 326797, 327059: 0.14464587130344592
326780, 326797, D103: 0.21639608579686279
326780, 326797: 0.5131606176277728
326780, 326907, 327059, D103: 0.07975917873774668
326780, 326907, 327059: 0.21197011718756034
326780, 326907, D103: 0.12089090145024485
326780, 326907: 2.7950643495056964
326780, 327059, D103: 0.20878037066577476
326780, 327059: 0.4822989473138261
326780, D103: 0.6014356652172794
326780: 89.65202595380346
326797, 326907, 327059, D103: 0.0813029047778321
326797, 326907, 327059: 0.19945767039249226
326797, 326907, D103: 0.11797497448563907
326797, 326907: 0.5536371520188137
326797, 327059, D103: 0.2330683270297853
326797, 327059: 0.560370297419736
326797, D103: 0.8964588639891595
326797: 94.62162445179676
326907, 327059, D103: 0.12281198274457339
326907, 327059: 0.9869694452228249
326907, D103: 0.2818157648733716
326907: 92.81108954988248
327059, D103: 0.6266841622284542
327059: 92.71026508008757
D103: 92.05838714933834